<reference>interpolated airfoil FFA-W3-245, ref. HAW, Anstock Schuett </reference>
<coords>
1.00000000 0.00000000
1.00000000 -0.00393486
0.98338000 -0.00166360
0.96457000 0.00073487
0.94364937 0.00288171
0.92071937 0.00440270
0.89588937 0.00497225
0.86927937 0.00434721
0.84101937 0.00242442
0.81124000 -0.00091297
0.78009937 -0.00589738
0.74772000 -0.01274315
0.71428000 -0.02131081
0.67993937 -0.03138035
0.64484937 -0.04265171
0.60917937 -0.05460234
0.57310937 -0.06666846
0.53680937 -0.07827008
0.50044937 -0.08891783
0.46421874 -0.09817675
0.42826874 -0.10573125
0.39278874 -0.11148945
0.35793874 -0.11541945
0.32388874 -0.11754810
0.29080874 -0.11795350
0.25884874 -0.11672251
0.22816811 -0.11399071
0.19890874 -0.10984621
0.17120874 -0.10439837
0.14521811 -0.09780215
0.12103874 -0.09021882
0.09879874 -0.08183711
0.07860874 -0.07287765
0.06055811 -0.06354297
0.04473811 -0.05404558
0.03121811 -0.04458738
0.02005874 -0.03528405
0.01132874 -0.02626558
0.00506811 -0.01750576
0.00129811 -0.00925261
0.00003811 0.00142405
0.00129811 0.00979333
0.00506811 0.02046748
0.01132874 0.03094045
0.02005874 0.04165955
0.03121811 0.05230855
0.04473811 0.06281495
0.06055811 0.07301558
0.07860874 0.08276729
0.09879874 0.09191630
0.12103874 0.10028071
0.14521811 0.10772738
0.17120874 0.11408882
0.19890874 0.11925504
0.22816811 0.12311918
0.25884874 0.12563945
0.29080874 0.12676216
0.32388874 0.12649234
0.35793874 0.12490504
0.39278874 0.12211837
0.42826874 0.11827171
0.46421874 0.11349504
0.50044937 0.10791774
0.53680937 0.10169108
0.57310937 0.09494693
0.60917937 0.08780405
0.64484937 0.08039180
0.67993937 0.07286576
0.71428000 0.06535468
0.74772000 0.05795855
0.78009937 0.05078801
0.81124000 0.04392432
0.84101937 0.03742810
0.86927937 0.03133315
0.89588937 0.02567198
0.92071937 0.02047459
0.94364937 0.01575477
0.96457000 0.01149126
0.98338000 0.00765216
1.00000000 0.00425432
</coords>
