<reference>interpolated airfoil FFA-W3-294, ref. HAW, Anstock Schuett </reference>
<coords>
1.00000000 0.00000000
1.00000000 -0.00830391
0.98338000 -0.00510289
0.96457000 -0.00220251
0.94364114 -0.00009681
0.92071114 0.00104570
0.89588114 0.00095701
0.86927114 -0.00064716
0.84101114 -0.00391111
0.81124000 -0.00891054
0.78009114 -0.01577915
0.74772000 -0.02465722
0.71428000 -0.03528187
0.67993114 -0.04743309
0.64484114 -0.06067915
0.60917114 -0.07446461
0.57310114 -0.08817633
0.53680114 -0.10123429
0.50044114 -0.11315737
0.46420228 -0.12357643
0.42825228 -0.13223348
0.39277228 -0.13901195
0.35792228 -0.14385525
0.32387228 -0.14674910
0.29079228 -0.14774691
0.25883228 -0.14689441
0.22814342 -0.14426957
0.19889228 -0.13993582
0.17119228 -0.13399431
0.14519342 -0.12653416
0.12102228 -0.11773309
0.09878228 -0.10776338
0.07859228 -0.09685390
0.06053342 -0.08524007
0.04471342 -0.07316734
0.03119342 -0.06086227
0.02004228 -0.04851459
0.01131228 -0.03625431
0.00504342 -0.02410458
0.00127342 -0.01215708
0.00001342 -0.00087154
0.00127342 0.01283767
0.00504342 0.02591438
0.01131228 0.03890510
0.02004228 0.05196094
0.03119342 0.06481504
0.04471342 0.07736197
0.06053342 0.08939743
0.07859228 0.10073714
0.09878228 0.11117793
0.12102228 0.12051325
0.14519342 0.12856878
0.17119228 0.13520997
0.19889228 0.14032682
0.22814342 0.14385362
0.25883228 0.14585553
0.29079228 0.14636114
0.32387228 0.14544131
0.35792228 0.14323691
0.39277228 0.13984138
0.42825228 0.13538584
0.46420228 0.13000031
0.50044114 0.12380592
0.53680114 0.11697038
0.57310114 0.10965028
0.60917114 0.10194790
0.64484114 0.09398437
0.67993114 0.08585770
0.71428000 0.07768015
0.74772000 0.06955174
0.78009114 0.06159131
0.81124000 0.05389660
0.84101114 0.04653645
0.86927114 0.03959401
0.89588114 0.03313473
0.92071114 0.02718860
0.94364114 0.02181877
0.96457000 0.01698753
0.98338000 0.01263830
1.00000000 0.00874678
</coords>
