<reference>interpolated airfoil FFA-W3-375, ref. HAW, Anstock Schuett </reference>
<coords>
1.00000000 0.00000000
1.00000000 -0.01452958
0.98339000 -0.00967943
0.96457000 -0.00578889
0.94365000 -0.00356721
0.92072000 -0.00284751
0.89589000 -0.00376538
0.86929000 -0.00663375
0.84103000 -0.01168208
0.81126000 -0.01894165
0.78011000 -0.02829774
0.74774000 -0.03970863
0.71431000 -0.05301785
0.67996000 -0.06779776
0.64487000 -0.08344340
0.60921000 -0.09931851
0.57314000 -0.11482855
0.53685000 -0.12950415
0.50049000 -0.14294897
0.46426000 -0.15487095
0.42831000 -0.16496760
0.39283000 -0.17291558
0.35799000 -0.17871490
0.32394000 -0.18240727
0.29086000 -0.18402399
0.25891000 -0.18360677
0.22823000 -0.18122863
0.19897000 -0.17700431
0.17128000 -0.17107983
0.14528000 -0.16358035
0.12111000 -0.15455804
0.09887000 -0.14415890
0.07868000 -0.13241424
0.06063000 -0.11932406
0.04481000 -0.10497180
0.03129000 -0.08956606
0.02014000 -0.07307556
0.01141000 -0.05559416
0.00515000 -0.03779986
0.00138000 -0.01521799
0.00012000 0.00638342
0.00138000 0.01830540
0.00515000 0.04318196
0.01141000 0.06206103
0.02014000 0.08048116
0.03129000 0.09809815
0.04481000 0.11474510
0.06063000 0.13010912
0.07868000 0.14398158
0.09887000 0.15626862
0.12111000 0.16684508
0.14528000 0.17569008
0.17128000 0.18265760
0.19897000 0.18768506
0.22823000 0.19078290
0.25891000 0.19206584
0.29086000 0.19160690
0.32394000 0.18953125
0.35799000 0.18592232
0.39283000 0.18093658
0.42831000 0.17469919
0.46426000 0.16738746
0.50049000 0.15918914
0.53685000 0.15028156
0.57314000 0.14086289
0.60921000 0.13108958
0.64487000 0.12110766
0.67996000 0.11105273
0.71431000 0.10103953
0.74774000 0.09116191
0.78011000 0.08151377
0.81126000 0.07217854
0.84103000 0.06323967
0.86929000 0.05477016
0.89589000 0.04682218
0.92072000 0.03945830
0.94365000 0.03272024
0.96457000 0.02652457
0.98339000 0.02082956
1.00000000 0.01567693
</coords>
