<reference>interpolated airfoil FFA-W3-247, ref. HAW, Anstock Schuett </reference>
<coords>
1.00000000 0.00000000
1.00000000 -0.00412648
0.98338000 -0.00181444
0.96457000 0.00060604
0.94364901 0.00275108
0.92071901 0.00425547
0.89588901 0.00479616
0.86927901 0.00412817
0.84101901 0.00214656
0.81124000 -0.00126372
0.78009901 -0.00633077
0.74772000 -0.01326567
0.71428000 -0.02192354
0.67993901 -0.03208439
0.64484901 -0.04344234
0.60917901 -0.05547344
0.57310901 -0.06761174
0.53680901 -0.07927723
0.50044901 -0.08998091
0.46421802 -0.09929071
0.42826802 -0.10689357
0.39278802 -0.11269651
0.35793802 -0.11666657
0.32388802 -0.11882878
0.29080802 -0.11926016
0.25884802 -0.11804577
0.22816703 -0.11531866
0.19890802 -0.11116586
0.17120802 -0.10569637
0.14521703 -0.09906226
0.12103802 -0.09142552
0.09879802 -0.08297417
0.07860802 -0.07392918
0.06055703 -0.06449454
0.04473703 -0.05488421
0.03121703 -0.04530116
0.02005802 -0.03586431
0.01132802 -0.02670366
0.00506703 -0.01779517
0.00129703 -0.00937999
0.00003703 0.00132338
0.00129703 0.00992685
0.00506703 0.02070636
0.01132802 0.03128976
0.02005802 0.04211134
0.03121703 0.05285706
0.04473703 0.06345294
0.06055703 0.07373404
0.07860802 0.08355540
0.09879802 0.09276106
0.12103802 0.10116806
0.14521703 0.10864143
0.17120802 0.11501514
0.19890802 0.12017919
0.22816703 0.12402854
0.25884802 0.12652608
0.29080802 0.12762171
0.32388802 0.12732339
0.35793802 0.12570903
0.39278802 0.12289566
0.42826802 0.11902229
0.46421802 0.11421892
0.50044901 0.10861456
0.53680901 0.10236119
0.57310901 0.09559178
0.60917901 0.08842436
0.64484901 0.08098793
0.67993901 0.07343555
0.71428000 0.06589524
0.74772000 0.05846700
0.78009901 0.05126182
0.81124000 0.04436168
0.84101901 0.03782757
0.86927901 0.03169545
0.89588901 0.02599928
0.92071901 0.02076905
0.94364901 0.01602072
0.96457000 0.01173231
0.98338000 0.00787084
1.00000000 0.00445135
</coords>
