<reference>interpolated airfoil FFA-W3-272, ref. HAW, Anstock Schuett </reference>
<coords>
1.00000000 0.00000000
1.00000000 -0.00636925
0.98338000 -0.00357994
0.96457000 -0.00090182
0.94364478 0.00122211
0.92071478 0.00253221
0.89588478 0.00273500
0.86927478 0.00156439
0.84101478 -0.00110568
0.81124000 -0.00536914
0.78009478 -0.01140342
0.74772000 -0.01938156
0.71428000 -0.02909536
0.67993478 -0.04032479
0.64484478 -0.05269643
0.60917478 -0.06566942
0.57310478 -0.07865245
0.53680478 -0.09106553
0.50044478 -0.10242389
0.46420957 -0.11232922
0.42825957 -0.12049806
0.39277957 -0.12682474
0.35792957 -0.13126362
0.32387957 -0.13381863
0.29079957 -0.13455412
0.25883957 -0.13353402
0.22815435 -0.13086182
0.19889957 -0.12661187
0.17119957 -0.12088896
0.14520435 -0.11381137
0.12102957 -0.10554952
0.09878957 -0.09628300
0.07859957 -0.08623700
0.06054435 -0.07563240
0.04472435 -0.06470005
0.03120435 -0.05365560
0.02004957 -0.04265599
0.01131957 -0.03183121
0.00505435 -0.02118256
0.00128435 -0.01087095
0.00002435 0.00014497
0.00128435 0.01148961
0.00505435 0.02350244
0.01131957 0.03537828
0.02004957 0.04739939
0.03120435 0.05927706
0.04472435 0.07092042
0.06054435 0.08214340
0.07859957 0.09277993
0.09878957 0.10264871
0.12102957 0.11155410
0.14520435 0.11934002
0.17119957 0.12585734
0.19889957 0.13099605
0.22815435 0.13467222
0.25883957 0.13690367
0.29079957 0.13768253
0.32387957 0.13705053
0.35792957 0.13511939
0.39277957 0.13199347
0.42825957 0.12780755
0.46420957 0.12269163
0.50044478 0.11677049
0.53680478 0.11020457
0.57310478 0.10313951
0.60917478 0.09568487
0.64484478 0.08796546
0.67993478 0.08010475
0.71428000 0.07222232
0.74772000 0.06441817
0.78009478 0.05680752
0.81124000 0.04948078
0.84101478 0.04250319
0.86927478 0.03593603
0.89588478 0.02983016
0.92071478 0.02421558
0.94364478 0.01913358
0.96457000 0.01455373
0.98338000 0.01043039
1.00000000 0.00675748
</coords>
