<reference>interpolated airfoil FFA-W3-356, ref. HAW, Anstock Schuett </reference>
<coords>
1.00000000 0.00000000
1.00000000 -0.01356197
0.98338927 -0.00900874
0.96457000 -0.00533446
0.94364927 -0.00320666
0.92071927 -0.00248734
0.89588927 -0.00331602
0.86928853 -0.00599197
0.84102853 -0.01073007
0.81125853 -0.01756324
0.78010853 -0.02639834
0.74773853 -0.03720784
0.71430780 -0.04983222
0.67995780 -0.06387538
0.64486780 -0.07876688
0.60920707 -0.09390037
0.57313707 -0.10870219
0.53684633 -0.12271281
0.50048633 -0.13554489
0.46425560 -0.14691258
0.42830560 -0.15652879
0.39282560 -0.16409748
0.35798487 -0.16961422
0.32393487 -0.17311463
0.29085487 -0.17463018
0.25890413 -0.17420085
0.22822340 -0.17189666
0.19896413 -0.16782393
0.17127340 -0.16211974
0.14527340 -0.15490115
0.12110340 -0.14622769
0.09886340 -0.13624156
0.07867340 -0.12498742
0.06062267 -0.11248288
0.04480267 -0.09882038
0.03128267 -0.08420214
0.02013267 -0.06861501
0.01140267 -0.05215192
0.00514194 -0.03541743
0.00137194 -0.01444118
0.00011194 0.00558408
0.00137194 0.01723549
0.00514194 0.04032011
0.01140267 0.05807114
0.02013267 0.07541736
0.03128267 0.09203390
0.04480267 0.10776444
0.06062267 0.12231555
0.07867340 0.13548799
0.09886340 0.14718295
0.12110340 0.15727383
0.14527340 0.16572890
0.17127340 0.17240890
0.19896413 0.17725016
0.22822340 0.18025755
0.25890413 0.18153887
0.29085487 0.18116192
0.32393487 0.17924376
0.35798487 0.17586954
0.39282560 0.17118485
0.42830560 0.16531042
0.46425560 0.15841332
0.50048633 0.15066915
0.53684633 0.14224792
0.57313707 0.13333742
0.60920707 0.12408398
0.64486780 0.11462615
0.67995780 0.10509099
0.71430780 0.09558850
0.74773853 0.08620940
0.78010853 0.07704591
0.81125853 0.06817949
0.84102853 0.05968940
0.86928853 0.05164711
0.89588927 0.04410409
0.92071927 0.03711813
0.94364927 0.03073145
0.96457000 0.02486696
0.98338927 0.01948320
1.00000000 0.01461505
</coords>
