<reference>interpolated airfoil FFA-W3-266, ref. HAW, Anstock Schuett </reference>
<coords>
1.00000000 0.00000000
1.00000000 -0.00585303
0.98338000 -0.00317357
0.96457000 -0.00055475
0.94364576 0.00157404
0.92071576 0.00292886
0.89588576 0.00320942
0.86927576 0.00215450
0.84101576 -0.00035710
0.81124000 -0.00442419
0.78009576 -0.01023583
0.74772000 -0.01797385
0.71428000 -0.02744460
0.67993576 -0.03842808
0.64484576 -0.05056640
0.60917576 -0.06332259
0.57310576 -0.07611118
0.53680576 -0.08835219
0.50044576 -0.09955986
0.46421151 -0.10932812
0.42826151 -0.11736668
0.39278151 -0.12357281
0.35793151 -0.12790378
0.32388151 -0.13036838
0.29080151 -0.13103388
0.25884151 -0.12996906
0.22815727 -0.12728421
0.19890151 -0.12305663
0.17120151 -0.11739205
0.14520727 -0.11041653
0.12103151 -0.10229857
0.09879151 -0.09321967
0.07860151 -0.08340408
0.06054727 -0.07306877
0.04472727 -0.06244072
0.03120727 -0.05173264
0.02005151 -0.04109273
0.01132151 -0.03065099
0.00505727 -0.02040288
0.00128727 -0.01052778
0.00002727 0.00041620
0.00128727 0.01112991
0.00505727 0.02285886
0.01132151 0.03443722
0.02005151 0.04618223
0.03120727 0.05779935
0.04472727 0.06920161
0.06054727 0.08020780
0.07860151 0.09065670
0.09879151 0.10037285
0.12103151 0.10916352
0.14520727 0.11687750
0.17120151 0.12336176
0.19890151 0.12850631
0.22815727 0.13222234
0.25884151 0.13451503
0.29080151 0.13536681
0.32388151 0.13481161
0.35793151 0.13295339
0.39278151 0.12989941
0.42826151 0.12578543
0.46421151 0.12074144
0.50044576 0.11489322
0.53680576 0.10839924
0.57310576 0.10140223
0.60917576 0.09401371
0.64484576 0.08635942
0.67993576 0.07856969
0.71428000 0.07076600
0.74772000 0.06304838
0.78009576 0.05553105
0.81124000 0.04830251
0.84101576 0.04142699
0.86927576 0.03495997
0.89588576 0.02894839
0.92071576 0.02342228
0.94364576 0.01841709
0.96457000 0.01390432
0.98338000 0.00984125
1.00000000 0.00622667
</coords>
