<reference>interpolated airfoil FFA-W3-974, ref. HAW, Anstock Schuett </reference>
<coords>
1.00000000 0.00000000
1.00000000 -0.00091651
0.99763903 -0.03885851
0.99209632 -0.07661299
0.98340723 -0.11397824
0.97162584 -0.15070051
0.95682667 -0.18654988
0.93910416 -0.22131398
0.91857016 -0.25478300
0.89535619 -0.28674392
0.86960970 -0.31698519
0.84149559 -0.34531188
0.81119373 -0.37153508
0.77889685 -0.39546319
0.74481228 -0.41690892
0.70915825 -0.43569944
0.67216247 -0.45168188
0.63406270 -0.46472934
0.59510182 -0.47473819
0.55553074 -0.48163060
0.51560190 -0.48534767
0.47557212 -0.48584902
0.43569806 -0.48313466
0.39623455 -0.47722719
0.35743552 -0.46816841
0.31954991 -0.45602036
0.28282010 -0.44086627
0.24748189 -0.42281067
0.21376248 -0.40197814
0.18187763 -0.37850928
0.15203271 -0.35255649
0.12441848 -0.32429362
0.09921282 -0.29390169
0.07657718 -0.26157298
0.05665704 -0.22751707
0.03957997 -0.19196212
0.02545585 -0.15513044
0.01437518 -0.11726007
0.00640949 -0.07863222
0.00160944 -0.03920788
0.00000592 0.00040266
0.00160944 0.03940263
0.00640949 0.07897172
0.01437518 0.11766799
0.02545585 0.15559758
0.03957997 0.19250032
0.05665704 0.22813356
0.07657718 0.26225329
0.09921282 0.29463134
0.12441848 0.32505750
0.15203271 0.35333155
0.18187763 0.37927315
0.21376248 0.40270846
0.24748189 0.42348440
0.28282010 0.44146894
0.31954991 0.45655395
0.35743552 0.46864673
0.39623455 0.47767656
0.43569806 0.48358930
0.47557212 0.48635498
0.51560190 0.48596153
0.55553074 0.48242013
0.59510182 0.47576261
0.63406270 0.46603996
0.67216247 0.45332411
0.70915825 0.43770353
0.74481228 0.41928475
0.77889685 0.39819168
0.81119373 0.37456425
0.84149559 0.34855751
0.86960970 0.32034202
0.89535619 0.29010206
0.91857016 0.25803522
0.93910416 0.22435039
0.95682667 0.18926587
0.97162584 0.15300989
0.98340723 0.11581720
0.99209632 0.07792098
0.99763903 0.03956186
1.00000000 0.00098889
</coords>
