<reference>interpolated airfoil FFA-W3-897, ref. HAW, Anstock Schuett </reference>
<coords>
1.00000000 0.00000000
1.00000000 -0.00366445
0.99542145 -0.03473662
0.98781239 -0.06584135
0.97721979 -0.09694945
0.96370335 -0.12781343
0.94734308 -0.15826616
0.92823896 -0.18819056
0.90650255 -0.21745512
0.88226827 -0.24588620
0.85568083 -0.27328234
0.82690438 -0.29947067
0.79611568 -0.32426053
0.76349927 -0.34740508
0.72925823 -0.36862581
0.69360327 -0.38765021
0.65675157 -0.40423094
0.61893345 -0.41816744
0.58037735 -0.42929337
0.54132624 -0.43748492
0.50201663 -0.44263217
0.46269494 -0.44463670
0.42360433 -0.44349852
0.38498332 -0.43924500
0.34707435 -0.43191768
0.31011250 -0.42157723
0.27432423 -0.40830846
0.23993197 -0.39222246
0.20715092 -0.37345347
0.17618193 -0.35214509
0.14722020 -0.32843641
0.12044236 -0.30250325
0.09601729 -0.27450469
0.07409532 -0.24460310
0.05481328 -0.21299203
0.03828980 -0.17990563
0.02462854 -0.14552538
0.01391371 -0.11007097
0.00621348 -0.07391472
0.00157373 -0.03613348
0.00002368 0.00160994
0.00157373 0.03691214
0.00621348 0.07527212
0.01391371 0.11170195
0.02462854 0.14739312
0.03828980 0.18205747
0.05481328 0.21545692
0.07409532 0.24732316
0.09601729 0.27742205
0.12044236 0.30555740
0.14722020 0.33153528
0.17618193 0.35519924
0.20715092 0.37637345
0.23993197 0.39491621
0.27432423 0.41071811
0.31011250 0.42371067
0.34707435 0.43383014
0.38498332 0.44104172
0.42360433 0.44531627
0.46269494 0.44665965
0.50201663 0.44508654
0.54132624 0.44064166
0.58037735 0.43338925
0.61893345 0.42340763
0.65675157 0.41079696
0.69360327 0.39566308
0.72925823 0.37812497
0.76349927 0.35831426
0.79611568 0.33637190
0.82690438 0.31244751
0.85568083 0.28670376
0.88226827 0.25931287
0.90650255 0.23045826
0.92823896 0.20033086
0.94734308 0.16912535
0.96370335 0.13704690
0.97721979 0.10430202
0.98781239 0.07107102
0.99542145 0.03754875
1.00000000 0.00395382
</coords>
