<reference>interpolated airfoil FFA-W3-286, ref. HAW, Anstock Schuett </reference>
<coords>
1.00000000 0.00000000
1.00000000 -0.00759196
0.98338000 -0.00454245
0.96457000 -0.00172386
0.94364248 0.00038855
0.92071248 0.00159273
0.89588248 0.00161131
0.86927248 0.00016669
0.84101248 -0.00287872
0.81124000 -0.00760732
0.78009248 -0.01416890
0.74772000 -0.02271580
0.71428000 -0.03300525
0.67993248 -0.04481726
0.64484248 -0.05774153
0.60917248 -0.07122801
0.57310248 -0.08467157
0.53680248 -0.09749222
0.50044248 -0.10920749
0.46420496 -0.11943750
0.42825496 -0.12791489
0.39277496 -0.13452709
0.35792496 -0.13922157
0.32387496 -0.14199073
0.29079496 -0.14289201
0.25883496 -0.14197783
0.22814745 -0.13933556
0.19889496 -0.13503265
0.17119496 -0.12917158
0.14519745 -0.12185221
0.12102496 -0.11324958
0.09878496 -0.10353864
0.07859496 -0.09294692
0.06053745 -0.08170448
0.04471745 -0.07005140
0.03119745 -0.05821024
0.02004496 -0.04635865
0.01131496 -0.03462663
0.00504745 -0.02302929
0.00127745 -0.01168379
0.00001745 -0.00049747
0.00127745 0.01234159
0.00504745 0.02502679
0.01131496 0.03760725
0.02004496 0.05028231
0.03119745 0.06277708
0.04471745 0.07499150
0.06053745 0.08672797
0.07859496 0.09780891
0.09878496 0.10803921
0.12102496 0.11721631
0.14519745 0.12517263
0.17119496 0.13176823
0.19889496 0.13689313
0.22814745 0.14047490
0.25883496 0.14256127
0.29079496 0.14316744
0.32387496 0.14235353
0.35792496 0.14024969
0.39277496 0.13695338
0.42825496 0.13259706
0.46420496 0.12731074
0.50044248 0.12121690
0.53680248 0.11448058
0.57310248 0.10725434
0.60917248 0.09964313
0.64484248 0.09176943
0.67993248 0.08374063
0.71428000 0.07567169
0.74772000 0.06766260
0.78009248 0.05983089
0.81124000 0.05227159
0.84101248 0.04505222
0.86927248 0.03824789
0.89588248 0.03191866
0.92071248 0.02609454
0.94364248 0.02083063
0.96457000 0.01609190
0.98338000 0.01182580
1.00000000 0.00801473
</coords>
