<reference>interpolated airfoil FFA-W3-278, ref. HAW, Anstock Schuett </reference>
<coords>
1.00000000 0.00000000
1.00000000 -0.00685883
0.98338000 -0.00396533
0.96457000 -0.00123097
0.94364386 0.00088835
0.92071386 0.00215604
0.89588386 0.00228506
0.86927386 0.00100474
0.84101386 -0.00181561
0.81124000 -0.00626532
0.78009386 -0.01251073
0.74772000 -0.02071661
0.71428000 -0.03066090
0.67993386 -0.04212360
0.64484386 -0.05471652
0.60917386 -0.06789511
0.57310386 -0.08106254
0.53680386 -0.09363882
0.50044386 -0.10514008
0.46420773 -0.11517542
0.42825773 -0.12346780
0.39277773 -0.12990881
0.35792773 -0.13445003
0.32387773 -0.13709079
0.29079773 -0.13789266
0.25883773 -0.13691497
0.22815159 -0.13425476
0.19889773 -0.12998360
0.17119773 -0.12420537
0.14520159 -0.11703097
0.12102773 -0.10863267
0.09878773 -0.09918820
0.07859773 -0.08892369
0.06054159 -0.07806370
0.04472159 -0.06684276
0.03120159 -0.05547931
0.02004773 -0.04413856
0.01131773 -0.03295051
0.00505159 -0.02192200
0.00128159 -0.01119642
0.00002159 -0.00011227
0.00128159 0.01183075
0.00505159 0.02411280
0.01131773 0.03627077
0.02004773 0.04855373
0.03120159 0.06067849
0.04472159 0.07255050
0.06054159 0.08397909
0.07859773 0.09479356
0.09878773 0.10480710
0.12102773 0.11382128
0.14520159 0.12167543
0.17119773 0.12822410
0.19889773 0.13335727
0.22815159 0.13699565
0.25883773 0.13916901
0.29079773 0.13987872
0.32387773 0.13917388
0.35792773 0.13717360
0.39277773 0.13397945
0.42825773 0.12972530
0.46420773 0.12454115
0.50044386 0.11855086
0.53680386 0.11191671
0.57310386 0.10478711
0.60917386 0.09726978
0.64484386 0.08948859
0.67993386 0.08156058
0.71428000 0.07360347
0.74772000 0.06571726
0.78009386 0.05801809
0.81124000 0.05059824
0.84101386 0.04352384
0.86927386 0.03686171
0.89588386 0.03066641
0.92071386 0.02496792
0.94364386 0.01981309
0.96457000 0.01516962
0.98338000 0.01098912
1.00000000 0.00726089
</coords>
