<reference>interpolated airfoil FFA-W3-1000, ref. HAW, Anstock Schuett </reference>
<coords>
1.00000000 0.00000000
1.00000000 -0.00000253
0.99837662 -0.04022950
0.99352119 -0.08019574
0.98546522 -0.11964218
0.97426094 -0.15831297
0.95998101 -0.19595732
0.94271803 -0.23233115
0.92258395 -0.26719861
0.89970936 -0.30033359
0.87424258 -0.33152117
0.84634877 -0.36055910
0.81620883 -0.38725904
0.78401822 -0.41144777
0.74998571 -0.43296834
0.71433199 -0.45168107
0.67728828 -0.46746452
0.63909483 -0.48021627
0.59999932 -0.48985357
0.56025529 -0.49631387
0.52012049 -0.49955525
0.47985520 -0.49955663
0.43972055 -0.49631802
0.39997681 -0.48986043
0.36088175 -0.48022575
0.32268888 -0.46747647
0.28564591 -0.45169530
0.24999306 -0.43298460
0.21596155 -0.41146572
0.18377208 -0.38727826
0.15363340 -0.36057906
0.12574097 -0.33154131
0.10027568 -0.30035331
0.07740268 -0.26721732
0.05727029 -0.23234824
0.04000909 -0.19597223
0.02573102 -0.15832517
0.01452867 -0.11965123
0.00647469 -0.08020131
0.00162131 -0.04023046
0.00000002 0.00000111
0.00162131 0.04023100
0.00647469 0.08020224
0.01452867 0.11965235
0.02573102 0.15832646
0.04000909 0.19597371
0.05727029 0.23234994
0.07740268 0.26721919
0.10027568 0.30035532
0.12574097 0.33154341
0.15363340 0.36058120
0.18377208 0.38728036
0.21596155 0.41146773
0.24999306 0.43298645
0.28564591 0.45169696
0.32268888 0.46747794
0.36088175 0.48022706
0.39997681 0.48986166
0.43972055 0.49631927
0.47985520 0.49955802
0.52012049 0.49955694
0.56025529 0.49631605
0.59999932 0.48985639
0.63909483 0.48021988
0.67728828 0.46746904
0.71433199 0.45168659
0.74998571 0.43297488
0.78401822 0.41145529
0.81620883 0.38726739
0.84634877 0.36056804
0.87424258 0.33153042
0.89970936 0.30034284
0.92258395 0.26720757
0.94271803 0.23233952
0.95998101 0.19596480
0.97426094 0.15831933
0.98546522 0.11964725
0.99352119 0.08019935
0.99837662 0.04023143
1.00000000 0.00000272
</coords>
