<reference>interpolated airfoil FFA-W3-279, ref. HAW, Anstock Schuett </reference>
<coords>
1.00000000 0.00000000
1.00000000 -0.00694721
0.98338000 -0.00403490
0.96457000 -0.00129038
0.94364370 0.00082810
0.92071370 0.00208813
0.89588370 0.00220384
0.86927370 0.00090372
0.84101370 -0.00194377
0.81124000 -0.00642710
0.78009370 -0.01271062
0.74772000 -0.02095761
0.71428000 -0.03094351
0.67993370 -0.04244832
0.64484370 -0.05508118
0.60917370 -0.06829689
0.57310370 -0.08149761
0.53680370 -0.09410334
0.50044370 -0.10563040
0.46420739 -0.11568921
0.42825739 -0.12400389
0.39277739 -0.13046554
0.35792739 -0.13502524
0.32387739 -0.13768147
0.29079739 -0.13849533
0.25883739 -0.13752529
0.22815109 -0.13486724
0.19889739 -0.13059226
0.17119739 -0.12480404
0.14520109 -0.11761216
0.12102739 -0.10918923
0.09878739 -0.09971264
0.07859739 -0.08940869
0.06054109 -0.07850259
0.04472109 -0.06722956
0.03120109 -0.05580852
0.02004739 -0.04440619
0.01131739 -0.03315257
0.00505109 -0.02205549
0.00128109 -0.01125517
0.00002109 -0.00015870
0.00128109 0.01189233
0.00505109 0.02422298
0.01131739 0.03643188
0.02004739 0.04876210
0.03120109 0.06093147
0.04472109 0.07284476
0.06054109 0.08431046
0.07859739 0.09515706
0.09878739 0.10519672
0.12102739 0.11423055
0.14520109 0.12209701
0.17119739 0.12865134
0.19889739 0.13378351
0.22815109 0.13741507
0.25883739 0.13957794
0.29079739 0.14027517
0.32387739 0.13955719
0.35792739 0.13754442
0.39277739 0.13433795
0.42825739 0.13007148
0.46420739 0.12487502
0.50044370 0.11887225
0.53680370 0.11222578
0.57310370 0.10508453
0.60917370 0.09755589
0.64484370 0.08976354
0.67993370 0.08182338
0.71428000 0.07385279
0.74772000 0.06595177
0.78009370 0.05823662
0.81124000 0.05079996
0.84101370 0.04370808
0.86927370 0.03702881
0.89588370 0.03081736
0.92071370 0.02510374
0.94364370 0.01993575
0.96457000 0.01528080
0.98338000 0.01108998
1.00000000 0.00735176
</coords>
