<reference>interpolated airfoil FFA-W3-303, ref. HAW, Anstock Schuett </reference>
<coords>
1.00000000 0.00000000
1.00000000 -0.00908892
0.98338036 -0.00571187
0.96457000 -0.00271479
0.94364036 -0.00061372
0.92071036 0.00046203
0.89588036 0.00025708
0.86927071 -0.00151892
0.84101071 -0.00501846
0.81124071 -0.01031012
0.78009071 -0.01750570
0.74772071 -0.02672914
0.71428107 -0.03770508
0.67993107 -0.05020674
0.64484107 -0.06377949
0.60917143 -0.07786155
0.57310143 -0.09183469
0.53680178 -0.10512356
0.50044178 -0.11725172
0.46420214 -0.12786201
0.42825214 -0.13670302
0.39277214 -0.14364797
0.35792249 -0.14863900
0.32387249 -0.15165825
0.29079249 -0.15275500
0.25883285 -0.15196926
0.22814321 -0.14937102
0.19889285 -0.14502207
0.17119321 -0.13902383
0.14519321 -0.13145773
0.12102321 -0.12249913
0.09878321 -0.11231697
0.07859321 -0.10113412
0.06053356 -0.08918202
0.04471356 -0.07670462
0.03119356 -0.06393084
0.02004356 -0.05105249
0.01131356 -0.03819815
0.00504392 -0.02541990
0.00127392 -0.01263235
0.00001392 -0.00092946
0.00127392 0.01341290
0.00504392 0.02719500
0.01131356 0.04070465
0.02004356 0.05423720
0.03119356 0.06753014
0.04471356 0.08047170
0.06053356 0.09284866
0.07859321 0.10447068
0.09878321 0.11513202
0.12102321 0.12462590
0.14519321 0.13277802
0.17119321 0.13945802
0.19889285 0.14455769
0.22814321 0.14801951
0.25883285 0.14992456
0.29079249 0.15031391
0.32387249 0.14926898
0.35792249 0.14693728
0.39277214 0.14341095
0.42825214 0.13881962
0.46420214 0.13329473
0.50044178 0.12695842
0.53680178 0.11998068
0.57310143 0.11252259
0.60917143 0.10468592
0.64484107 0.09659138
0.67993107 0.08833042
0.71428107 0.08001301
0.74772071 0.07173882
0.78009071 0.06362676
0.81124071 0.05577613
0.84101071 0.04825728
0.86927071 0.04115950
0.89588036 0.03455208
0.92071036 0.02846608
0.94364036 0.02297044
0.96457000 0.01802373
0.98338036 0.01356666
1.00000000 0.00957173
</coords>
