<reference>interpolated airfoil FFA-W3-313, ref. HAW, Anstock Schuett </reference>
<coords>
1.00000000 0.00000000
1.00000000 -0.00995427
0.98338208 -0.00634968
0.96457000 -0.00322158
0.94364208 -0.00111534
0.92071208 -0.00010855
0.89588208 -0.00043417
0.86927416 -0.00238427
0.84101416 -0.00612342
0.81124416 -0.01171330
0.78009416 -0.01922606
0.74772416 -0.02875634
0.71428624 -0.04005118
0.67993624 -0.05285106
0.64484624 -0.06667893
0.60917832 -0.08096440
0.57310832 -0.09509786
0.53681040 -0.10852636
0.50045040 -0.12079069
0.46421248 -0.13154751
0.42826248 -0.14053849
0.39278248 -0.14760411
0.35793456 -0.15269684
0.32388456 -0.15580917
0.29080456 -0.15698694
0.25884664 -0.15627015
0.22815872 -0.15372880
0.19890664 -0.14943329
0.17120872 -0.14349193
0.14520872 -0.13599306
0.12103872 -0.12708963
0.09879872 -0.11694539
0.07860872 -0.10574875
0.06055080 -0.09368978
0.04473080 -0.08098311
0.03121080 -0.06785250
0.02006080 -0.05445012
0.01133080 -0.04089763
0.00506288 -0.02735401
0.00129288 -0.01298228
0.00003288 0.00033064
0.00129288 0.01415241
0.00506288 0.02973417
0.01133080 0.04406435
0.02006080 0.05833468
0.03121080 0.07227061
0.04473080 0.08575172
0.06055080 0.09854929
0.07860872 0.11047125
0.09879872 0.12133255
0.12103872 0.13094193
0.14520872 0.13915266
0.17120872 0.14583266
0.19890664 0.15088233
0.22815872 0.15425624
0.25884664 0.15604062
0.29080456 0.15628172
0.32388456 0.15506786
0.35793456 0.15253448
0.39278248 0.14878405
0.42826248 0.14394450
0.46421248 0.13815414
0.50045040 0.13154547
0.53681040 0.12428847
0.57310832 0.11654940
0.60917832 0.10843864
0.64484624 0.10008037
0.67993624 0.09157290
0.71428624 0.08302623
0.74772416 0.07453828
0.78009416 0.06622281
0.81124416 0.05817567
0.84101416 0.05046892
0.86927416 0.04318842
0.89588208 0.03640000
0.92071208 0.03013989
0.94364208 0.02447187
0.96457000 0.01934761
0.98338208 0.01471127
1.00000000 0.01054741
</coords>
