<reference>interpolated airfoil FFA-W3-339, ref. HAW, Anstock Schuett </reference>
<coords>
1.00000000 0.00000000
1.00000000 -0.01215084
0.98338646 -0.00796867
0.96457000 -0.00450802
0.94364646 -0.00238866
0.92071646 -0.00155689
0.89588646 -0.00218880
0.86928291 -0.00458084
0.84102291 -0.00892821
0.81125291 -0.01527507
0.78010291 -0.02359295
0.74773291 -0.03390210
0.71429937 -0.04600643
0.67994937 -0.05956330
0.64485937 -0.07403877
0.60919582 -0.08884056
0.57312582 -0.10338095
0.53683228 -0.11716388
0.50047228 -0.12977389
0.46423874 -0.14090264
0.42828874 -0.15027430
0.39280874 -0.15764621
0.35796519 -0.16299711
0.32391519 -0.16634572
0.29083519 -0.16772915
0.25888165 -0.16718738
0.22819810 -0.16479043
0.19894165 -0.16063056
0.17124810 -0.15483360
0.14524810 -0.14750538
0.12107810 -0.13874197
0.09883810 -0.12869400
0.07864810 -0.11746235
0.06059456 -0.10513209
0.04477456 -0.09184346
0.03125456 -0.07780709
0.02010456 -0.06307451
0.01137456 -0.04774989
0.00511101 -0.03226348
0.00134101 -0.01387054
0.00008101 0.00352924
0.00134101 0.01602957
0.00511101 0.03617949
0.01137456 0.05259248
0.02010456 0.06873559
0.03125456 0.08430363
0.04477456 0.09915432
0.06059456 0.11301955
0.07864810 0.12570287
0.09883810 0.13707175
0.12107810 0.14697429
0.14524810 0.15533379
0.17124810 0.16201379
0.19894165 0.16693657
0.22819810 0.17008732
0.25888165 0.17156541
0.29083519 0.17143021
0.32391519 0.16978753
0.35796519 0.16674220
0.39280874 0.16242293
0.42828874 0.15695329
0.46423874 0.15048909
0.50047228 0.14318906
0.53683228 0.13522321
0.57312582 0.12677090
0.60919582 0.11796442
0.64485937 0.10893667
0.67994937 0.09980348
0.71429937 0.09067485
0.74773291 0.08164433
0.78010291 0.07281253
0.81125291 0.06426656
0.84102291 0.05608288
0.86928291 0.04833855
0.89588646 0.04109069
0.92071646 0.03438865
0.94364646 0.02828306
0.96457000 0.02270810
0.98338646 0.01761669
1.00000000 0.01302402
</coords>
