<reference>interpolated airfoil Cylinder, ref. HAW, Anstock Schuett </reference>
<coords>
1.00000000 0.00000000
0.99837865 -0.04023328
0.99352513 -0.08020564
0.98547091 -0.11965783
0.97426822 -0.15833400
0.95998972 -0.19598330
0.94272801 -0.23236159
0.92259504 -0.26723291
0.89972138 -0.30037113
0.87425537 -0.33156133
0.84636218 -0.36060122
0.81622269 -0.38730248
0.78403237 -0.41149193
0.75000000 -0.43301270
0.71434628 -0.45172522
0.67730244 -0.46750812
0.63910873 -0.48025906
0.60001285 -0.48989533
0.56026834 -0.49635444
0.52013297 -0.49959450
0.47986703 -0.49959450
0.43973166 -0.49635444
0.39998715 -0.48989533
0.36089127 -0.48025906
0.32269756 -0.46750812
0.28565372 -0.45172522
0.25000000 -0.43301270
0.21596763 -0.41149193
0.18377731 -0.38730248
0.15363782 -0.36060122
0.12574463 -0.33156133
0.10027862 -0.30037113
0.07740496 -0.26723291
0.05727199 -0.23236159
0.04001028 -0.19598330
0.02573178 -0.15833400
0.01452909 -0.11965783
0.00647487 -0.08020564
0.00162135 -0.04023328
0.00000000 0.00000000
0.00162135 0.04023328
0.00647487 0.08020564
0.01452909 0.11965783
0.02573178 0.15833400
0.04001028 0.19598330
0.05727199 0.23236159
0.07740496 0.26723291
0.10027862 0.30037113
0.12574463 0.33156133
0.15363782 0.36060122
0.18377731 0.38730248
0.21596763 0.41149193
0.25000000 0.43301270
0.28565372 0.45172522
0.32269756 0.46750812
0.36089127 0.48025906
0.39998715 0.48989533
0.43973166 0.49635444
0.47986703 0.49959450
0.52013297 0.49959450
0.56026834 0.49635444
0.60001285 0.48989533
0.63910873 0.48025906
0.67730244 0.46750812
0.71434628 0.45172522
0.75000000 0.43301270
0.78403237 0.41149193
0.81622269 0.38730248
0.84636218 0.36060122
0.87425537 0.33156133
0.89972138 0.30037113
0.92259504 0.26723291
0.94272801 0.23236159
0.95998972 0.19598330
0.97426822 0.15833400
0.98547091 0.11965783
0.99352513 0.08020564
0.99837865 0.04023328
</coords>
