<reference>interpolated airfoil FFA-W3-431, ref. HAW, Anstock Schuett </reference>
<coords>
1.00000000 0.00000000
1.00000000 -0.01665832
0.98339000 -0.01109757
0.96457000 -0.00663702
0.94365000 -0.00408984
0.92072000 -0.00326469
0.89589000 -0.00431705
0.86929000 -0.00760566
0.84103000 -0.01339362
0.81126000 -0.02171680
0.78011000 -0.03244365
0.74774000 -0.04552635
0.71431000 -0.06078551
0.67996000 -0.07773083
0.64487000 -0.09566872
0.60921000 -0.11386969
0.57314000 -0.13165211
0.53685000 -0.14847785
0.50049000 -0.16389247
0.46426000 -0.17756114
0.42831000 -0.18913705
0.39283000 -0.19824950
0.35799000 -0.20489847
0.32394000 -0.20913182
0.29086000 -0.21098540
0.25891000 -0.21050705
0.22823000 -0.20778049
0.19897000 -0.20293727
0.17128000 -0.19614479
0.14528000 -0.18754656
0.12111000 -0.17720238
0.09887000 -0.16527967
0.07868000 -0.15181430
0.06063000 -0.13680627
0.04481000 -0.12035125
0.03129000 -0.10268841
0.02014000 -0.08378188
0.01141000 -0.06373928
0.00515000 -0.04333793
0.00138000 -0.01744758
0.00012000 0.00731866
0.00138000 0.02098732
0.00515000 0.04950856
0.01141000 0.07115361
0.02014000 0.09227248
0.03129000 0.11247054
0.04481000 0.13155644
0.06063000 0.14917145
0.07868000 0.16507637
0.09887000 0.17916359
0.12111000 0.19128960
0.14528000 0.20143048
0.17128000 0.20941882
0.19897000 0.21518286
0.22823000 0.21873456
0.25891000 0.22020547
0.29086000 0.21967929
0.32394000 0.21729953
0.35799000 0.21316186
0.39283000 0.20744565
0.42831000 0.20029442
0.46426000 0.19191145
0.50049000 0.18251199
0.53685000 0.17229936
0.57314000 0.16150075
0.60921000 0.15029555
0.64487000 0.13885118
0.67996000 0.12732310
0.71431000 0.11584286
0.74774000 0.10451807
0.78011000 0.09345638
0.81126000 0.08275344
0.84103000 0.07250493
0.86929000 0.06279455
0.89589000 0.05368211
0.92072000 0.04523934
0.94365000 0.03751410
0.96457000 0.03041069
0.98339000 0.02388130
1.00000000 0.01797376
</coords>
