<reference>interpolated airfoil FFA-W3-250, ref. HAW, Anstock Schuett </reference>
<coords>
1.00000000 0.00000000
1.00000000 -0.00436581
0.98338000 -0.00200284
0.96457000 0.00044514
0.94364856 0.00258793
0.92071856 0.00407158
0.89588856 0.00457621
0.86927856 0.00385459
0.84101856 0.00179951
0.81124000 -0.00170181
0.78009856 -0.00687208
0.74772000 -0.01391830
0.71428000 -0.02268885
0.67993856 -0.03296372
0.64484856 -0.04442985
0.60917856 -0.05656146
0.57310856 -0.06878990
0.53680856 -0.08053516
0.50044856 -0.09130870
0.46421712 -0.10068205
0.42826712 -0.10834531
0.39278712 -0.11420414
0.35793712 -0.11822422
0.32388712 -0.12042835
0.29080712 -0.12089219
0.25884712 -0.11969853
0.22816567 -0.11697728
0.19890712 -0.11281411
0.17120712 -0.10731757
0.14521567 -0.10063614
0.12103712 -0.09293270
0.09879712 -0.08439435
0.07860712 -0.07524255
0.06055567 -0.06568307
0.04473567 -0.05593166
0.03121567 -0.04619266
0.02005712 -0.03658905
0.01132712 -0.02725082
0.00506567 -0.01815664
0.00129567 -0.00953909
0.00003567 0.00119763
0.00129567 0.01009361
0.00506567 0.02100473
0.01132712 0.03172604
0.02005712 0.04267563
0.03121567 0.05354214
0.04473567 0.06424980
0.06055567 0.07463141
0.07860712 0.08453975
0.09879712 0.09381618
0.12103712 0.10227636
0.14521567 0.10978308
0.17120712 0.11617211
0.19890712 0.12133346
0.22816567 0.12516433
0.25884712 0.12763347
0.29080712 0.12869531
0.32388712 0.12836137
0.35793712 0.12671321
0.39278712 0.12386649
0.42826712 0.11995976
0.46421712 0.11512304
0.50044856 0.10948488
0.53680856 0.10319816
0.57310856 0.09639720
0.60917856 0.08919913
0.64484856 0.08173251
0.67993856 0.07414723
0.71428000 0.06657041
0.74772000 0.05910205
0.78009856 0.05185360
0.81124000 0.04490794
0.84101856 0.03832651
0.86927856 0.03214796
0.89588856 0.02640807
0.92071856 0.02113683
0.94364856 0.01635290
0.96457000 0.01203339
0.98338000 0.00814397
1.00000000 0.00469744
</coords>
