<reference>interpolated airfoil FFA-W3-241, ref. HAW, Anstock Schuett </reference>
<coords>
1.00000000 0.00000000
1.00000000 -0.00360000
0.98338000 -0.00140000
0.96457000 0.00096000
0.94365000 0.00311000
0.92072000 0.00466000
0.89589000 0.00528000
0.86928000 0.00473000
0.84102000 0.00291000
0.81124000 -0.00030000
0.78010000 -0.00514000
0.74772000 -0.01183000
0.71428000 -0.02024000
0.67994000 -0.03015000
0.64485000 -0.04127000
0.60918000 -0.05308000
0.57311000 -0.06502000
0.53681000 -0.07651000
0.50045000 -0.08706000
0.46422000 -0.09623000
0.42827000 -0.10370000
0.39279000 -0.10938000
0.35794000 -0.11324000
0.32389000 -0.11531000
0.29081000 -0.11567000
0.25885000 -0.11441000
0.22817000 -0.11167000
0.19891000 -0.10754000
0.17121000 -0.10213000
0.14522000 -0.09560000
0.12104000 -0.08811000
0.09880000 -0.07985000
0.07861000 -0.07104000
0.06056000 -0.06188000
0.04474000 -0.05258000
0.03122000 -0.04334000
0.02006000 -0.03427000
0.01133000 -0.02550000
0.00507000 -0.01700000
0.00130000 -0.00903000
0.00004000 0.00160000
0.00130000 0.00956000
0.00507000 0.02005000
0.01133000 0.03033000
0.02006000 0.04087000
0.03122000 0.05135000
0.04474000 0.06170000
0.06056000 0.07176000
0.07861000 0.08139000
0.09880000 0.09044000
0.12104000 0.09873000
0.14522000 0.10613000
0.17121000 0.11247000
0.19891000 0.11764000
0.22817000 0.12153000
0.25885000 0.12409000
0.29081000 0.12526000
0.32389000 0.12504000
0.35794000 0.12350000
0.39279000 0.12076000
0.42827000 0.11696000
0.46422000 0.11223000
0.50045000 0.10670000
0.53681000 0.10052000
0.57311000 0.09382000
0.60918000 0.08672000
0.64485000 0.07935000
0.67994000 0.07187000
0.71428000 0.06441000
0.74772000 0.05707000
0.78010000 0.04996000
0.81124000 0.04316000
0.84102000 0.03673000
0.86928000 0.03070000
0.89589000 0.02510000
0.92072000 0.01996000
0.94365000 0.01529000
0.96457000 0.01107000
0.98338000 0.00727000
1.00000000 0.00391000
</coords>
