<reference>interpolated airfoil FFA-W3-261, ref. HAW, Anstock Schuett </reference>
<coords>
1.00000000 0.00000000
1.00000000 -0.00539734
0.98338000 -0.00281486
0.96457000 -0.00024838
0.94364662 0.00188469
0.92071662 0.00327899
0.89588662 0.00362820
0.86927662 0.00267541
0.84101662 0.00030368
0.81124000 -0.00359005
0.78009662 -0.00920518
0.74772000 -0.01673123
0.71428000 -0.02598744
0.67993662 -0.03675380
0.64484662 -0.04868616
0.60917662 -0.06125097
0.57310662 -0.07386794
0.53680662 -0.08595705
0.50044662 -0.09703170
0.46421323 -0.10667896
0.42826323 -0.11460253
0.39278323 -0.12070225
0.35793323 -0.12493796
0.32388323 -0.12732275
0.29080323 -0.12792646
0.25884323 -0.12682216
0.22815985 -0.12412617
0.19890323 -0.11991831
0.17120323 -0.11430523
0.14520985 -0.10741982
0.12103323 -0.09942886
0.09879323 -0.09051559
0.07860323 -0.08090339
0.06054985 -0.07080579
0.04472985 -0.06044634
0.03120985 -0.05003519
0.02005323 -0.03971280
0.01132323 -0.02960918
0.00505985 -0.01971463
0.00128985 -0.01022484
0.00002985 0.00065563
0.00128985 0.01081239
0.00505985 0.02229076
0.01132323 0.03360651
0.02005323 0.04510780
0.03120985 0.05649494
0.04472985 0.06768438
0.06054985 0.07849919
0.07860323 0.08878246
0.09879323 0.09836388
0.12103323 0.10705329
0.14520985 0.11470377
0.17120323 0.12115885
0.19890323 0.12630854
0.22815985 0.13005977
0.25884323 0.13240652
0.29080323 0.13332266
0.32388323 0.13283526
0.35793323 0.13104140
0.39278323 0.12805092
0.42826323 0.12400044
0.46421323 0.11901996
0.50044662 0.11323610
0.53680662 0.10680563
0.57310662 0.09986869
0.60917662 0.09253852
0.64484662 0.08494174
0.67993662 0.07721464
0.71428000 0.06948047
0.74772000 0.06183922
0.78009662 0.05440428
0.81124000 0.04726241
0.84101662 0.04047700
0.86927662 0.03409837
0.89588662 0.02817004
0.92071662 0.02272202
0.94364662 0.01778462
0.96457000 0.01333106
0.98338000 0.00932121
1.00000000 0.00575812
</coords>
