<reference>interpolated airfoil FFA-W3-662, ref. HAW, Anstock Schuett </reference>
<coords>
1.00000000 0.00000000
1.00000000 -0.01206328
0.98864360 -0.02213839
0.97471892 -0.03291875
0.95830844 -0.04490239
0.93948893 -0.05786105
0.91835728 -0.07181940
0.89503040 -0.08695165
0.86961897 -0.10336564
0.84226617 -0.12100807
0.81310844 -0.13970835
0.78230758 -0.15936095
0.75003092 -0.17976995
0.71643790 -0.20051960
0.68171861 -0.22105264
0.64606081 -0.24079189
0.60964948 -0.25920119
0.57269221 -0.27585499
0.53537327 -0.29039520
0.49791142 -0.30255745
0.46049443 -0.31207592
0.42333693 -0.31867479
0.38664087 -0.32235406
0.35059492 -0.32315572
0.31540632 -0.32112045
0.28126787 -0.31630478
0.24835731 -0.30879833
0.21685628 -0.29873222
0.18694324 -0.28627024
0.15877351 -0.27156522
0.13251117 -0.25471545
0.10828970 -0.23590287
0.08625043 -0.21521946
0.06650971 -0.19273613
0.04917799 -0.16859748
0.03434650 -0.14305599
0.02209995 -0.11616836
0.01250326 -0.08809812
0.00561437 -0.05949608
0.00146459 -0.02673681
0.00007794 0.00529988
0.00146459 0.02930015
0.00561437 0.06396461
0.01250326 0.09346728
0.02209995 0.12231691
0.03434650 0.15013981
0.04917799 0.17671184
0.06650971 0.20169050
0.08625043 0.22482332
0.10828970 0.24595705
0.13251117 0.26491685
0.15877351 0.28161940
0.18694324 0.29588276
0.21685628 0.30759999
0.24835731 0.31673082
0.28126787 0.32332798
0.31540632 0.32741622
0.35059492 0.32907045
0.38664087 0.32833807
0.42333693 0.32533428
0.46049443 0.32015564
0.49791142 0.31294937
0.53537327 0.30387871
0.57269221 0.29310557
0.60964948 0.28081638
0.64606081 0.26717004
0.68171861 0.25232365
0.71643790 0.23643234
0.75003092 0.21964027
0.78230758 0.20208039
0.81310844 0.18389132
0.84226617 0.16520836
0.86961897 0.14617168
0.89503040 0.12691724
0.91835728 0.10756759
0.93948893 0.08825740
0.95830844 0.06910689
0.97471892 0.05013470
0.98864360 0.03139586
1.00000000 0.01301588
</coords>
