<reference>interpolated airfoil FFA-W3-242, ref. HAW, Anstock Schuett </reference>
<coords>
1.00000000 0.00000000
1.00000000 -0.00368637
0.98338000 -0.00146799
0.96457000 0.00090193
0.94364984 0.00305112
0.92071984 0.00459364
0.89588984 0.00520062
0.86927984 0.00463127
0.84101984 0.00278476
0.81124000 -0.00045810
0.78009984 -0.00533535
0.74772000 -0.01206552
0.71428000 -0.02051619
0.67993984 -0.03046734
0.64484984 -0.04162638
0.60917984 -0.05347265
0.57310984 -0.06544518
0.53680984 -0.07696397
0.50044984 -0.08753918
0.46421967 -0.09673212
0.42826967 -0.10422391
0.39278967 -0.10992408
0.35793967 -0.11380214
0.32388967 -0.11588726
0.29080967 -0.11625897
0.25884967 -0.11500646
0.22816951 -0.11226857
0.19890967 -0.10813483
0.17120967 -0.10271507
0.14521951 -0.09616799
0.12103967 -0.08865392
0.09879967 -0.08036253
0.07860967 -0.07151398
0.06055951 -0.06230892
0.04473951 -0.05295801
0.03121951 -0.04366173
0.02005967 -0.03453155
0.01132967 -0.02569746
0.00506951 -0.01713045
0.00129951 -0.00908742
0.00003951 0.00155462
0.00129951 0.00962018
0.00506951 0.02015768
0.01132967 0.03048745
0.02005967 0.04107364
0.03121951 0.05159724
0.04473951 0.06198757
0.06055951 0.07208385
0.07860967 0.08174524
0.09879967 0.09082078
0.12103967 0.09912997
0.14521951 0.10654201
0.17120967 0.11288754
0.19890967 0.11805656
0.22816951 0.12193989
0.25884967 0.12448964
0.29080967 0.12564744
0.32388967 0.12541459
0.35793967 0.12386240
0.39278967 0.12111036
0.42826967 0.11729832
0.46421967 0.11255629
0.50044984 0.10701409
0.53680984 0.10082205
0.57310984 0.09411066
0.60917984 0.08699960
0.64484984 0.07961871
0.67993984 0.07212683
0.71428000 0.06465366
0.74772000 0.05729918
0.78009984 0.05017357
0.81124000 0.04335714
0.84101984 0.03691006
0.86927984 0.03086331
0.89588984 0.02524753
0.92071984 0.02009273
0.94364984 0.01540988
0.96457000 0.01117865
0.98338000 0.00736857
1.00000000 0.00399881
</coords>
