<reference>interpolated airfoil FFA-W3-264, ref. HAW, Anstock Schuett </reference>
<coords>
1.00000000 0.00000000
1.00000000 -0.00561661
0.98338000 -0.00298746
0.96457000 -0.00039580
0.94364620 0.00173521
0.92071620 0.00311052
0.89588620 0.00342670
0.86927620 0.00242477
0.84101620 -0.00001427
0.81124000 -0.00399141
0.78009620 -0.00970110
0.74772000 -0.01732914
0.71428000 -0.02668858
0.67993620 -0.03755941
0.64484620 -0.04959087
0.60917620 -0.06224777
0.57310620 -0.07494732
0.53680620 -0.08710952
0.50044620 -0.09824817
0.46421240 -0.10795366
0.42826240 -0.11593256
0.39278240 -0.12208348
0.35793240 -0.12636503
0.32388240 -0.12878822
0.29080240 -0.12942166
0.25884240 -0.12833635
0.22815861 -0.12564572
0.19890240 -0.12142838
0.17120240 -0.11579051
0.14520861 -0.10886175
0.12103240 -0.10080968
0.09879240 -0.09181671
0.07860240 -0.08210665
0.06054861 -0.07189467
0.04472861 -0.06140597
0.03120861 -0.05085195
0.02005240 -0.04037678
0.01132240 -0.03011047
0.00505861 -0.02004580
0.00128861 -0.01037061
0.00002861 0.00054043
0.00128861 0.01096517
0.00505861 0.02256411
0.01132240 0.03400622
0.02005240 0.04562478
0.03120861 0.05712258
0.04472861 0.06841442
0.06054861 0.07932132
0.07860240 0.08968429
0.09879240 0.09933054
0.12103240 0.10806867
0.14520861 0.11574970
0.17120240 0.12221883
0.19890240 0.12736604
0.22815861 0.13110033
0.25884240 0.13342107
0.29080240 0.13430624
0.32388240 0.13378622
0.35793240 0.13196139
0.39278240 0.12894036
0.42826240 0.12485932
0.46421240 0.11984829
0.50044620 0.11403346
0.53680620 0.10757242
0.57310620 0.10060658
0.60917620 0.09324833
0.64484620 0.08562388
0.67993620 0.07786665
0.71428000 0.07009903
0.74772000 0.06242103
0.78009620 0.05494645
0.81124000 0.04776287
0.84101620 0.04093411
0.86927620 0.03451294
0.89588620 0.02854456
0.92071620 0.02305896
0.94364620 0.01808894
0.96457000 0.01360690
0.98338000 0.00957144
1.00000000 0.00598357
</coords>
