<reference>interpolated airfoil FFA-W3-742, ref. HAW, Anstock Schuett </reference>
<coords>
1.00000000 0.00000000
1.00000000 -0.00921438
0.99094266 -0.02641173
0.97916025 -0.04408616
0.96472321 -0.06255685
0.94770251 -0.08158904
0.92818932 -0.10114231
0.90629481 -0.12129209
0.88212996 -0.14206502
0.85583496 -0.16336698
0.82754908 -0.18501692
0.79743491 -0.20688645
0.76566297 -0.22878145
0.73240122 -0.25034345
0.69784414 -0.27110976
0.66218731 -0.29060653
0.62562660 -0.30839558
0.58837734 -0.32412766
0.55063875 -0.33750974
0.51263781 -0.34832512
0.47457884 -0.35636087
0.43668725 -0.36140133
0.39917895 -0.36344650
0.36225954 -0.36253344
0.32614818 -0.35870309
0.29105203 -0.35201341
0.25716534 -0.34255236
0.22468360 -0.33044430
0.19379773 -0.31584297
0.16467848 -0.29889808
0.13750050 -0.27972175
0.11241190 -0.25849385
0.08956337 -0.23532913
0.06908276 -0.21032951
0.05108949 -0.18365620
0.03568408 -0.15555546
0.02295765 -0.12612632
0.01298168 -0.09555136
0.00581759 -0.06438691
0.00150161 -0.02992418
0.00005953 0.00404824
0.00150161 0.03188215
0.00581759 0.06780014
0.01298168 0.09965252
0.02295765 0.13082281
0.03568408 0.16096635
0.05108949 0.18985425
0.06908276 0.21716919
0.08956337 0.24266492
0.11241190 0.26617361
0.13750050 0.28751396
0.16467848 0.30657783
0.19379773 0.32318537
0.22468360 0.33721783
0.25716534 0.34861150
0.29105203 0.35737799
0.32614818 0.36351203
0.36225954 0.36705133
0.39917895 0.36801731
0.43668725 0.36648809
0.47457884 0.36253245
0.51263781 0.35626285
0.55063875 0.34780895
0.58837734 0.33730429
0.62562660 0.32490606
0.66218731 0.31075514
0.69784414 0.29499571
0.73240122 0.27777493
0.76566297 0.25923588
0.79743491 0.23951714
0.82754908 0.21876551
0.85583496 0.19712880
0.88212996 0.17476186
0.90629481 0.15181929
0.92818932 0.12844811
0.94770251 0.10480690
0.96472321 0.08104515
0.97916025 0.05723634
0.99094266 0.03348293
1.00000000 0.00994201
</coords>
