<reference>interpolated airfoil FFA-W3-999, ref. HAW, Anstock Schuett </reference>
<coords>
1.00000000 0.00000000
1.00000000 -0.00004699
0.99834074 -0.04016281
0.99345188 -0.08002146
0.98536511 -0.11936667
0.97413276 -0.15794267
0.95982757 -0.19549970
0.94254224 -0.23179523
0.92238871 -0.26659467
0.89949760 -0.29967253
0.87401721 -0.33081408
0.84611269 -0.35981742
0.81596488 -0.38649417
0.78376910 -0.41067022
0.74973405 -0.43218714
0.71408032 -0.45090366
0.67703894 -0.46669679
0.63885005 -0.47946293
0.59976108 -0.48911830
0.56002547 -0.49559962
0.51990068 -0.49886414
0.47964685 -0.49888984
0.43952488 -0.49567673
0.39979478 -0.48924589
0.36071411 -0.47963923
0.32253619 -0.46691920
0.28550845 -0.45116853
0.24987091 -0.43248969
0.21585458 -0.41100421
0.18367993 -0.38685170
0.15355554 -0.36018881
0.12567664 -0.33118875
0.10022398 -0.30003948
0.07736252 -0.26694276
0.05724046 -0.23211323
0.03998822 -0.19577716
0.02571763 -0.15816977
0.01452120 -0.11953491
0.00647152 -0.08012498
0.00162074 -0.04018072
0.00000030 0.00002064
0.00162074 0.04019070
0.00647152 0.08014238
0.01452120 0.11955582
0.02571763 0.15819371
0.03998822 0.19580475
0.05724046 0.23214484
0.07736252 0.26697763
0.10022398 0.30007688
0.12567664 0.33122791
0.15355554 0.36022854
0.18367993 0.38689086
0.21585458 0.41104165
0.24987091 0.43252423
0.28550845 0.45119943
0.32253619 0.46694656
0.36071411 0.47966375
0.39979478 0.48926893
0.43952488 0.49570003
0.47964685 0.49891578
0.51990068 0.49889561
0.56002547 0.49564010
0.59976108 0.48917081
0.63885005 0.47953011
0.67703894 0.46678098
0.71408032 0.45100640
0.74973405 0.43230894
0.78376910 0.41081010
0.81596488 0.38664946
0.84611269 0.35998380
0.87401721 0.33098617
0.89949760 0.29984469
0.92238871 0.26676139
0.94254224 0.23195089
0.95982757 0.19563894
0.97413276 0.15806106
0.98536511 0.11946094
0.99345188 0.08008852
0.99834074 0.04019886
1.00000000 0.00005070
</coords>
