<reference>interpolated airfoil FFA-W3-987, ref. HAW, Anstock Schuett </reference>
<coords>
1.00000000 0.00000000
1.00000000 -0.00047916
0.99799197 -0.03951454
0.99277813 -0.07832737
0.98439199 -0.11668849
0.97288676 -0.15434313
0.95833605 -0.19105141
0.94083343 -0.22658579
0.92049079 -0.26072397
0.89743921 -0.29324669
0.87182657 -0.32394077
0.84381788 -0.35260780
0.81359350 -0.37905912
0.78134747 -0.40311194
0.74728781 -0.42459348
0.71163393 -0.44334677
0.67461521 -0.45923400
0.63647061 -0.47213996
0.59744531 -0.48197102
0.55779147 -0.48865666
0.51776408 -0.49214611
0.47762161 -0.49240822
0.43762285 -0.48944300
0.39802525 -0.48327229
0.35908457 -0.47393794
0.32105194 -0.46150220
0.28417228 -0.44604805
0.24868350 -0.42767897
0.21481475 -0.40651803
0.18278414 -0.38270530
0.15279866 -0.35639536
0.12505130 -0.32776170
0.09972141 -0.29698884
0.07697219 -0.26427384
0.05695049 -0.22982882
0.03978531 -0.19388099
0.02558752 -0.15665914
0.01444862 -0.11840425
0.00644069 -0.07938304
0.00161512 -0.03969719
0.00000310 0.00021052
0.00161512 0.03979901
0.00644069 0.07956053
0.01444862 0.11861752
0.02558752 0.15690337
0.03978531 0.19416236
0.05695049 0.23015113
0.07697219 0.26462952
0.09972141 0.29737031
0.12505130 0.32816106
0.15279866 0.35680056
0.18278414 0.38310466
0.21481475 0.40689984
0.24868350 0.42803121
0.28417228 0.44636313
0.32105194 0.46178117
0.35908457 0.47418801
0.39802525 0.48350723
0.43762285 0.48968069
0.47762161 0.49267274
0.51776408 0.49246704
0.55779147 0.48906944
0.59744531 0.48250660
0.63647061 0.47282517
0.67461521 0.46009257
0.71163393 0.44439454
0.74728781 0.42583559
0.78134747 0.40453842
0.81359350 0.38064280
0.84381788 0.35430465
0.87182657 0.32569576
0.89743921 0.29500236
0.92049079 0.26242426
0.94083343 0.22817325
0.95833605 0.19247136
0.97288676 0.15555050
0.98439199 0.11764991
0.99277813 0.07901120
0.99799197 0.03988225
1.00000000 0.00051700
</coords>
