<reference>interpolated airfoil FFA-W3-400, ref. HAW, Anstock Schuett </reference>
<coords>
1.00000000 0.00000000
1.00000000 -0.01546758
0.98339000 -0.01030431
0.96457000 -0.00616260
0.94365000 -0.00379750
0.92072000 -0.00303133
0.89589000 -0.00400847
0.86929000 -0.00706201
0.84103000 -0.01243624
0.81126000 -0.02016448
0.78011000 -0.03012458
0.74774000 -0.04227212
0.71431000 -0.05644055
0.67996000 -0.07217462
0.64487000 -0.08883030
0.60921000 -0.10573027
0.57314000 -0.12224160
0.53685000 -0.13786463
0.50049000 -0.15217741
0.46426000 -0.16486904
0.42831000 -0.17561750
0.39283000 -0.18407859
0.35799000 -0.19025230
0.32394000 -0.19418304
0.29086000 -0.19590412
0.25891000 -0.19545997
0.22823000 -0.19292831
0.19897000 -0.18843128
0.17128000 -0.18212432
0.14528000 -0.17414070
0.12111000 -0.16453592
0.09887000 -0.15346545
0.07868000 -0.14096258
0.06063000 -0.12702733
0.04481000 -0.11174852
0.03129000 -0.09534822
0.02014000 -0.07779314
0.01141000 -0.05918319
0.00515000 -0.04024013
0.00138000 -0.01620043
0.00012000 0.00679552
0.00138000 0.01948715
0.00515000 0.04596968
0.01141000 0.06606754
0.02014000 0.08567683
0.03129000 0.10443112
0.04481000 0.12215277
0.06063000 0.13850865
0.07868000 0.15327668
0.09887000 0.16635695
0.12111000 0.17761619
0.14528000 0.18703220
0.17128000 0.19444953
0.19897000 0.19980155
0.22823000 0.20309938
0.25891000 0.20446514
0.29086000 0.20397658
0.32394000 0.20176692
0.35799000 0.19792501
0.39283000 0.19261740
0.42831000 0.18597734
0.46426000 0.17819358
0.50049000 0.16946601
0.53685000 0.15998337
0.57314000 0.14995665
0.60921000 0.13955240
0.64487000 0.12892608
0.67996000 0.11822203
0.71431000 0.10756239
0.74774000 0.09704710
0.78011000 0.08677610
0.81126000 0.07683821
0.84103000 0.06732226
0.86929000 0.05830599
0.89589000 0.04984490
0.92072000 0.04200563
0.94365000 0.03483258
0.96457000 0.02823693
0.98339000 0.02217426
1.00000000 0.01668899
</coords>
