<reference>interpolated airfoil FFA-W3-587, ref. HAW, Anstock Schuett </reference>
<coords>
1.00000000 0.00000000
1.00000000 -0.01475905
0.98646812 -0.01809475
0.97051633 -0.02235163
0.95223849 -0.02819690
0.93171685 -0.03540851
0.90905375 -0.04407269
0.88437149 -0.05445713
0.85778049 -0.06674648
0.82942675 -0.08092609
0.79944403 -0.09683527
0.76799340 -0.11439011
0.73523916 -0.13339299
0.70133268 -0.15337395
0.66645987 -0.17368626
0.63080116 -0.19365495
0.59453117 -0.21265118
0.55785022 -0.23017713
0.52092837 -0.24581322
0.48397662 -0.25924995
0.44716709 -0.27017145
0.41070424 -0.27824495
0.37477676 -0.28347047
0.33955732 -0.28589468
0.30524187 -0.28555799
0.27200964 -0.28251561
0.24002274 -0.27685868
0.20944970 -0.26872477
0.18045721 -0.25828715
0.15318595 -0.24570160
0.12779003 -0.23105333
0.10438907 -0.21452622
0.08311557 -0.19619075
0.06407497 -0.17608845
0.04736924 -0.15434822
0.03308083 -0.13122841
0.02128835 -0.10674567
0.01205055 -0.08104552
0.00542208 -0.05486815
0.00142956 -0.02372078
0.00009536 0.00648423
0.00142956 0.02685694
0.00542208 0.06033525
0.01205055 0.08761452
0.02128835 0.11426823
0.03308083 0.13989524
0.04736924 0.16427588
0.06407497 0.18704384
0.08311557 0.20794077
0.10438907 0.22682719
0.12779003 0.24353442
0.15318595 0.25800257
0.18045721 0.27004776
0.20944970 0.27957421
0.24002274 0.28656384
0.27200964 0.29110828
0.30524187 0.29326067
0.33955732 0.29313117
0.37477676 0.29079172
0.41070424 0.28639262
0.44716709 0.28005672
0.48397662 0.27196413
0.52092837 0.26230988
0.55785022 0.25128268
0.59453117 0.23909668
0.63080116 0.22592778
0.66645987 0.21194535
0.70133268 0.19731205
0.73523916 0.18217307
0.76799340 0.16665599
0.79944403 0.15089174
0.82942675 0.13500375
0.85778049 0.11911832
0.88437149 0.10335375
0.90905375 0.08780947
0.93171685 0.07259750
0.95223849 0.05781035
0.97051633 0.04341479
0.98646812 0.02942097
1.00000000 0.01592451
</coords>
