<reference>interpolated airfoil FFA-W3-384, ref. HAW, Anstock Schuett </reference>
<coords>
1.00000000 0.00000000
1.00000000 -0.01486459
0.98339000 -0.00990261
0.96457000 -0.00592236
0.94365000 -0.00364945
0.92072000 -0.00291316
0.89589000 -0.00385220
0.86929000 -0.00678671
0.84103000 -0.01195143
0.81126000 -0.01937839
0.78011000 -0.02895021
0.74774000 -0.04062420
0.71431000 -0.05424029
0.67996000 -0.06936099
0.64487000 -0.08536737
0.60921000 -0.10160851
0.57314000 -0.11747617
0.53685000 -0.13249015
0.50049000 -0.14624497
0.46426000 -0.15844183
0.42831000 -0.16877129
0.39283000 -0.17690253
0.35799000 -0.18283556
0.32394000 -0.18661307
0.29086000 -0.18826706
0.25891000 -0.18784022
0.22823000 -0.18540725
0.19897000 -0.18108553
0.17128000 -0.17502444
0.14528000 -0.16735205
0.12111000 -0.15812171
0.09887000 -0.14748280
0.07868000 -0.13546734
0.06063000 -0.12207534
0.04481000 -0.10739215
0.03129000 -0.09163120
0.02014000 -0.07476047
0.01141000 -0.05687601
0.00515000 -0.03867142
0.00138000 -0.01556887
0.00012000 0.00653060
0.00138000 0.01872747
0.00515000 0.04417761
0.01141000 0.06349198
0.02014000 0.08233683
0.03129000 0.10036001
0.04481000 0.11739080
0.06063000 0.13310907
0.07868000 0.14730139
0.09887000 0.15987174
0.12111000 0.17069205
0.14528000 0.17974099
0.17128000 0.18686917
0.19897000 0.19201255
0.22823000 0.19518181
0.25891000 0.19649434
0.29086000 0.19602482
0.32394000 0.19390130
0.35799000 0.19020917
0.39283000 0.18510847
0.42831000 0.17872725
0.46426000 0.17124694
0.50049000 0.16285960
0.53685000 0.15374663
0.57314000 0.14411079
0.60921000 0.13411213
0.64487000 0.12390006
0.67996000 0.11361330
0.71431000 0.10336921
0.74774000 0.09326385
0.78011000 0.08339325
0.81126000 0.07384277
0.84103000 0.06469779
0.86929000 0.05603301
0.89589000 0.04790176
0.92072000 0.04036809
0.94365000 0.03347468
0.96457000 0.02713615
0.98339000 0.02130983
1.00000000 0.01603839
</coords>
