<reference>interpolated airfoil FFA-W3-310, ref. HAW, Anstock Schuett </reference>
<coords>
1.00000000 0.00000000
1.00000000 -0.00965258
0.98338148 -0.00612732
0.96457000 -0.00304490
0.94364148 -0.00094046
0.92071148 0.00009037
0.89588148 -0.00019318
0.86927296 -0.00208258
0.84101296 -0.00573819
0.81124296 -0.01122410
0.78009296 -0.01862628
0.74772296 -0.02804959
0.71428444 -0.03923324
0.67993444 -0.05192915
0.64484444 -0.06566808
0.60917592 -0.07988263
0.57310592 -0.09396020
0.53680740 -0.10734002
0.50044740 -0.11955688
0.46420888 -0.13026261
0.42825888 -0.13920131
0.39277888 -0.14622485
0.35793035 -0.15128213
0.32388035 -0.15436201
0.29080035 -0.15551153
0.25884183 -0.15477070
0.22815331 -0.15220952
0.19890183 -0.14789537
0.17120331 -0.14193419
0.14520331 -0.13441188
0.12103331 -0.12548921
0.09879331 -0.11533176
0.07860331 -0.10413992
0.06054479 -0.09211821
0.04472479 -0.07949147
0.03120479 -0.06648527
0.02005479 -0.05326558
0.01132479 -0.03995649
0.00505627 -0.02667971
0.00128627 -0.01286029
0.00002627 -0.00010868
0.00128627 0.01389459
0.00505627 0.02884892
0.01132479 0.04289304
0.02005479 0.05690615
0.03120479 0.07061791
0.04472479 0.08391091
0.06054479 0.09656184
0.07860331 0.10837923
0.09879331 0.11917082
0.12103331 0.12873993
0.14520331 0.13693023
0.17120331 0.14361023
0.19890183 0.14867733
0.22815331 0.15208189
0.25884183 0.15390834
0.29080035 0.15420113
0.32388035 0.15304616
0.35793035 0.15058309
0.39277888 0.14691079
0.42825888 0.14215778
0.46420888 0.13645998
0.50044740 0.12994626
0.53680740 0.12278662
0.57310592 0.11514550
0.60917592 0.10713030
0.64484444 0.09886398
0.67993444 0.09044245
0.71428444 0.08197571
0.74772296 0.07356228
0.78009296 0.06531773
0.81124296 0.05733910
0.84101296 0.04969786
0.86927296 0.04248106
0.89588148 0.03575574
0.92071148 0.02955634
0.94364148 0.02394842
0.96457000 0.01888606
0.98338148 0.01431222
1.00000000 0.01020725
</coords>
