<reference>interpolated airfoil FFA-W3-523, ref. HAW, Anstock Schuett </reference>
<coords>
1.00000000 0.00000000
1.00000000 -0.01703472
0.98463166 -0.01468124
0.96696863 -0.01343120
0.94711443 -0.01409467
0.92515592 -0.01645481
0.90120000 -0.02064980
0.87537358 -0.02702629
0.84778682 -0.03583376
0.81858812 -0.04709017
0.78790898 -0.06064319
0.75590983 -0.07642716
0.72275242 -0.09424304
0.68858133 -0.11357510
0.65357894 -0.13370108
0.61791946 -0.15386346
0.58176879 -0.17335514
0.54532108 -0.19161735
0.50873444 -0.20817854
0.47221330 -0.22269114
0.43591659 -0.23479703
0.40004012 -0.24411538
0.36476146 -0.25064618
0.33023972 -0.25444011
0.29666137 -0.25553731
0.26419414 -0.25399187
0.23298696 -0.24989625
0.20319731 -0.24339345
0.17498191 -0.23466471
0.14846911 -0.22386836
0.12380460 -0.21107852
0.10109629 -0.19648074
0.08046922 -0.18012732
0.06201963 -0.16203501
0.04584235 -0.14231945
0.03201239 -0.12124394
0.02060322 -0.09879134
0.01166838 -0.07509194
0.00525975 -0.05096140
0.00139999 -0.02117474
0.00011006 0.00748403
0.00139999 0.02479446
0.00525975 0.05727146
0.01166838 0.08267380
0.02060322 0.10747379
0.03201239 0.13124710
0.04584235 0.15377784
0.06201963 0.17467960
0.08046922 0.19368907
0.10109629 0.21067838
0.12380460 0.22548405
0.14846911 0.23806600
0.17498191 0.24823869
0.20319731 0.25591574
0.23298696 0.26109784
0.26419414 0.26390943
0.29666137 0.26442765
0.33023972 0.26279238
0.36476146 0.25909629
0.40004012 0.25351933
0.43591659 0.24620650
0.47221330 0.23736570
0.50873444 0.22721879
0.54532108 0.21597713
0.58176879 0.20387823
0.61791946 0.19111239
0.65357894 0.17785929
0.68858133 0.16428795
0.72275242 0.15054445
0.75590983 0.13675185
0.78790898 0.12303455
0.81858812 0.10950598
0.84778682 0.09628074
0.87537358 0.08346222
0.90120000 0.07113030
0.92515592 0.05937791
0.94711443 0.04827418
0.96696863 0.03774206
0.98463166 0.02775383
1.00000000 0.01837989
</coords>
