<reference>interpolated airfoil FFA-W3-325, ref. HAW, Anstock Schuett </reference>
<coords>
1.00000000 0.00000000
1.00000000 -0.01096139
0.98338409 -0.00709198
0.96457000 -0.00381141
0.94364409 -0.00169915
0.92071409 -0.00077261
0.89588409 -0.00123866
0.86927817 -0.00339139
0.84101817 -0.00740940
0.81124817 -0.01334635
0.78009817 -0.02122825
0.74772817 -0.03111564
0.71429226 -0.04278162
0.67994226 -0.05592858
0.64485226 -0.07005337
0.60918635 -0.08457557
0.57311635 -0.09889560
0.53682043 -0.11248660
0.50046043 -0.12490943
0.46422452 -0.13583678
0.42827452 -0.14500230
0.39279452 -0.15220835
0.35794860 -0.15741944
0.32389860 -0.16064011
0.29081860 -0.16191217
0.25886269 -0.16127563
0.22817678 -0.15880048
0.19892269 -0.15456716
0.17122678 -0.14869201
0.14522678 -0.14127138
0.12105678 -0.13243215
0.09881678 -0.12233205
0.07862678 -0.11111936
0.06057086 -0.09893600
0.04475086 -0.08596251
0.03123086 -0.07241662
0.02008086 -0.05840434
0.01135086 -0.04403934
0.00508495 -0.02960497
0.00131495 -0.01338954
0.00005495 0.00179718
0.00131495 0.01501308
0.00508495 0.03268930
0.01135086 0.04797444
0.02008086 0.06310343
0.03123086 0.07778767
0.04475086 0.09189672
0.06057086 0.10518381
0.07862678 0.11745485
0.09881678 0.12854887
0.12105678 0.13829266
0.14522678 0.14657160
0.17122678 0.15325160
0.19892269 0.15824309
0.22817678 0.16151469
0.25886269 0.16315864
0.29081860 0.16322720
0.32389860 0.16181673
0.35794860 0.15904862
0.39279452 0.15503739
0.42827452 0.14990894
0.46422452 0.14380963
0.50046043 0.13688398
0.53682043 0.12930198
0.57311635 0.12123589
0.60918635 0.11280615
0.64485226 0.10414092
0.67994226 0.09534657
0.71429226 0.08653307
0.74772817 0.07779635
0.78009817 0.06924416
0.81124817 0.06096830
0.84101817 0.05304288
0.86927817 0.04554972
0.89588409 0.03855065
0.92071409 0.03208792
0.94364409 0.02621928
0.96457000 0.02088837
0.98338409 0.01604339
1.00000000 0.01168292
</coords>
