<reference>interpolated airfoil FFA-W3-257, ref. HAW, Anstock Schuett </reference>
<coords>
1.00000000 0.00000000
1.00000000 -0.00499919
0.98338000 -0.00250143
0.96457000 0.00001930
0.94364736 0.00215613
0.92071736 0.00358492
0.89588736 0.00399412
0.86927736 0.00313055
0.84101736 0.00088105
0.81124000 -0.00286122
0.78009736 -0.00830464
0.74772000 -0.01564548
0.71428000 -0.02471424
0.67993736 -0.03529089
0.64484736 -0.04704329
0.60917736 -0.05944090
0.57310736 -0.07190790
0.53680736 -0.08386429
0.50044736 -0.09482272
0.46421473 -0.10436425
0.42826473 -0.11218734
0.39278473 -0.11819409
0.35793473 -0.12234657
0.32388473 -0.12466163
0.29080473 -0.12521135
0.25884473 -0.12407256
0.22816209 -0.12136681
0.19890473 -0.11717621
0.17120473 -0.11160811
0.14521209 -0.10480143
0.12103473 -0.09692145
0.09879473 -0.08815289
0.07860473 -0.07871840
0.06055209 -0.06882850
0.04473209 -0.05870375
0.03121209 -0.04855204
0.02005473 -0.03850708
0.01132473 -0.02869889
0.00506209 -0.01911327
0.00129209 -0.00996016
0.00003209 0.00086483
0.00129209 0.01053495
0.00506209 0.02179437
0.01132473 0.03288068
0.02005473 0.04416902
0.03121209 0.05535520
0.04473209 0.06635869
0.06055209 0.07700629
0.07860473 0.08714485
0.09879473 0.09660854
0.12103473 0.10520947
0.14521209 0.11280446
0.17120473 0.11923405
0.19890473 0.12438824
0.22816209 0.12817021
0.25884473 0.13056420
0.29080473 0.13153658
0.32388473 0.13110841
0.35793473 0.12937079
0.39278473 0.12643580
0.42826473 0.12244081
0.46421473 0.11751582
0.50044736 0.11178819
0.53680736 0.10541320
0.57310736 0.09852875
0.60917736 0.09124957
0.64484736 0.08370302
0.67993736 0.07603067
0.71428000 0.06835723
0.74772000 0.06078272
0.78009736 0.05341976
0.81124000 0.04635362
0.84101736 0.03964695
0.86927736 0.03334554
0.89588736 0.02748995
0.92071736 0.02211016
0.94364736 0.01723200
0.96457000 0.01283018
0.98338000 0.00886681
1.00000000 0.00534871
</coords>
