<reference>interpolated airfoil FFA-W3-242, ref. HAW, Anstock Schuett </reference>
<coords>
1.00000000 0.00000000
1.00000000 -0.00372673
0.98338000 -0.00149976
0.96457000 0.00087480
0.94364976 0.00302360
0.92071976 0.00456263
0.89588976 0.00516353
0.86927976 0.00458513
0.84101976 0.00272623
0.81124000 -0.00053198
0.78009976 -0.00542663
0.74772000 -0.01217558
0.71428000 -0.02064525
0.67993976 -0.03061563
0.64484976 -0.04179291
0.60917976 -0.05365613
0.57310976 -0.06564386
0.53680976 -0.07717610
0.50044976 -0.08776310
0.46421952 -0.09696675
0.42826952 -0.10446873
0.39278952 -0.11017832
0.35793952 -0.11406481
0.32388952 -0.11615701
0.29080952 -0.11653419
0.25884952 -0.11528517
0.22816928 -0.11254828
0.19890952 -0.10841279
0.17120952 -0.10298847
0.14521928 -0.09643341
0.12103952 -0.08890808
0.09879952 -0.08060202
0.07860952 -0.07173546
0.06055928 -0.06250935
0.04473928 -0.05313465
0.03121928 -0.04381207
0.02005952 -0.03465377
0.01132952 -0.02578974
0.00506928 -0.01719141
0.00129928 -0.00911425
0.00003928 0.00153341
0.00129928 0.00964830
0.00506928 0.02020799
0.01132952 0.03056102
0.02005952 0.04116880
0.03121928 0.05171277
0.04473928 0.06212195
0.06055928 0.07223518
0.07860952 0.08191124
0.09879952 0.09099871
0.12103952 0.09931687
0.14521928 0.10673453
0.17120952 0.11308264
0.19890952 0.11825121
0.22816928 0.12213143
0.25884952 0.12467639
0.29080952 0.12582849
0.32388952 0.12558964
0.35793952 0.12403174
0.39278952 0.12127408
0.42826952 0.11745642
0.46421952 0.11270876
0.50044976 0.10716086
0.53680976 0.10096319
0.57310976 0.09424649
0.60917976 0.08713026
0.64484976 0.07974427
0.67993976 0.07224685
0.71428000 0.06476752
0.74772000 0.05740627
0.78009976 0.05027336
0.81124000 0.04344926
0.84101976 0.03699420
0.86927976 0.03093962
0.89588976 0.02531647
0.92071976 0.02015475
0.94364976 0.01546589
0.96457000 0.01122943
0.98338000 0.00741463
1.00000000 0.00404031
</coords>
