<reference>interpolated airfoil FFA-W3-843, ref. HAW, Anstock Schuett </reference>
<coords>
1.00000000 0.00000000
1.00000000 -0.00561906
0.99384408 -0.03180471
0.98476523 -0.05817948
0.97281867 -0.08483686
0.95806808 -0.11153384
0.94059739 -0.13814794
0.92051054 -0.16462985
0.89791887 -0.19090378
0.87295883 -0.21682408
0.84577322 -0.24219650
0.81652564 -0.26686380
0.78539066 -0.29063413
0.75254697 -0.31322133
0.71819463 -0.33428202
0.68253901 -0.35347278
0.64578979 -0.37047906
0.60817202 -0.38504794
0.56990383 -0.39696846
0.53122258 -0.40608409
0.49235342 -0.41224862
0.45353539 -0.41532237
0.41500205 -0.41530532
0.37698032 -0.41222826
0.33970445 -0.40613253
0.30339967 -0.39707783
0.26828111 -0.38515008
0.23456170 -0.37046505
0.20244811 -0.35316385
0.17213058 -0.33339224
0.14379706 -0.31127979
0.11761414 -0.28700376
0.09374431 -0.26070761
0.07232997 -0.23253242
0.05350182 -0.20266036
0.03737210 -0.17132984
0.02404008 -0.13869331
0.01358546 -0.10495737
0.00607405 -0.07055916
0.00154833 -0.03394665
0.00003630 0.00246868
0.00154833 0.03514065
0.00607405 0.07264059
0.01358546 0.10745831
0.02404008 0.14155729
0.03737210 0.17462947
0.05350182 0.20644002
0.07232997 0.23670335
0.09374431 0.26518107
0.11761414 0.29168698
0.14379706 0.31603158
0.17213058 0.33807546
0.20244811 0.35764135
0.23456170 0.37459565
0.26828111 0.38884503
0.30339967 0.40034923
0.33970445 0.40906509
0.37698032 0.41498334
0.41500205 0.41809266
0.45353539 0.41842435
0.49235342 0.41601214
0.53122258 0.41092463
0.56990383 0.40324906
0.60817202 0.39308324
0.64578979 0.38054738
0.68253901 0.36575969
0.71819463 0.34884801
0.75254697 0.32994943
0.78539066 0.30920567
0.81652564 0.28676245
0.84577322 0.26277686
0.87295883 0.23741251
0.89791887 0.21084277
0.92051054 0.18324576
0.94059739 0.15479940
0.95806808 0.12569242
0.97281867 0.09611128
0.98476523 0.06619864
0.99384408 0.03611682
1.00000000 0.00606278
</coords>
