<reference>interpolated airfoil FFA-W3-821, ref. HAW, Anstock Schuett </reference>
<coords>
1.00000000 0.00000000
1.00000000 -0.00641084
0.99320512 -0.03061704
0.98353087 -0.05507578
0.97103585 -0.07993024
0.95578532 -0.10493925
0.93786483 -0.12999838
0.91737988 -0.15508580
0.89444175 -0.18014827
0.86918773 -0.20505150
0.84175981 -0.22960413
0.81232139 -0.25365530
0.78104613 -0.27701263
0.74811037 -0.29937406
0.71371295 -0.32036991
0.67805706 -0.33962807
0.64134935 -0.35680673
0.60381273 -0.37163178
0.56566118 -0.38387417
0.52712975 -0.39336413
0.48843902 -0.39994075
0.44982501 -0.40344761
0.41151741 -0.40388471
0.37373844 -0.40128423
0.33671902 -0.39568738
0.30068041 -0.38715352
0.26583314 -0.37576900
0.23238630 -0.36165149
0.20054308 -0.34494486
0.17048944 -0.32579576
0.14241040 -0.30432992
0.11646848 -0.28072517
0.09282356 -0.25511864
0.07161485 -0.22764279
0.05297056 -0.19847517
0.03700036 -0.16785593
0.02380170 -0.13592574
0.01345249 -0.10288593
0.00601757 -0.06919988
0.00153804 -0.03306080
0.00004142 0.00281654
0.00153804 0.03442305
0.00601757 0.07157460
0.01345249 0.10573928
0.02380170 0.13919329
0.03700036 0.17162051
0.05297056 0.20278742
0.07161485 0.23240144
0.09282356 0.26022246
0.11646848 0.28606830
0.14241040 0.30975129
0.17048944 0.33113890
0.20054308 0.35005329
0.23238630 0.36636412
0.26583314 0.37998460
0.30068041 0.39088589
0.33671902 0.39903317
0.37373844 0.40442752
0.41151741 0.40706482
0.44982501 0.40698669
0.48843902 0.40423458
0.52712975 0.39888674
0.56566118 0.39103977
0.60381273 0.38079933
0.64134935 0.36829378
0.67805706 0.35364632
0.71371295 0.33698839
0.74811037 0.31845931
0.78104613 0.29820108
0.81232139 0.27635786
0.84175981 0.25308446
0.86918773 0.22854103
0.89444175 0.20289685
0.91737988 0.17632487
0.93786483 0.14899619
0.95578532 0.12109291
0.97103585 0.09279334
0.98353087 0.06422492
0.99320512 0.03553677
1.00000000 0.00691708
</coords>
