<reference>interpolated airfoil FFA-W3-470, ref. HAW, Anstock Schuett </reference>
<coords>
1.00000000 0.00000000
1.00000000 -0.01820201
0.98339000 -0.01212596
0.96457000 -0.00725206
0.94365000 -0.00446883
0.92072000 -0.00356723
0.89589000 -0.00471710
0.86929000 -0.00831046
0.84103000 -0.01463478
0.81126000 -0.02372925
0.78011000 -0.03545014
0.74774000 -0.04974518
0.71431000 -0.06641837
0.67996000 -0.08493398
0.64487000 -0.10453413
0.60921000 -0.12442175
0.57314000 -0.14385203
0.53685000 -0.16223697
0.50049000 -0.17908004
0.46426000 -0.19401535
0.42831000 -0.20666398
0.39283000 -0.21662086
0.35799000 -0.22388598
0.32394000 -0.22851162
0.29086000 -0.23053696
0.25891000 -0.23001429
0.22823000 -0.22703507
0.19897000 -0.22174303
0.17128000 -0.21432111
0.14528000 -0.20492610
0.12111000 -0.19362335
0.09887000 -0.18059578
0.07868000 -0.16588260
0.06063000 -0.14948381
0.04481000 -0.13150394
0.03129000 -0.11220433
0.02014000 -0.09154577
0.01141000 -0.06964587
0.00515000 -0.04735396
0.00138000 -0.01906441
0.00012000 0.00799686
0.00138000 0.02293218
0.00515000 0.05409641
0.01141000 0.07774726
0.02014000 0.10082317
0.03129000 0.12289294
0.04481000 0.14374750
0.06063000 0.16299485
0.07868000 0.18037365
0.09887000 0.19576630
0.12111000 0.20901600
0.14528000 0.22009662
0.17128000 0.22882522
0.19897000 0.23512340
0.22823000 0.23900423
0.25891000 0.24061144
0.29086000 0.24003650
0.32394000 0.23743622
0.35799000 0.23291512
0.39283000 0.22666920
0.42831000 0.21885527
0.46426000 0.20969547
0.50049000 0.19942499
0.53685000 0.18826597
0.57314000 0.17646668
0.60921000 0.16422312
0.64487000 0.15171823
0.67996000 0.13912186
0.71431000 0.12657777
0.74774000 0.11420354
0.78011000 0.10211678
0.81126000 0.09042203
0.84103000 0.07922381
0.86929000 0.06861359
0.89589000 0.05865672
0.92072000 0.04943158
0.94365000 0.04099045
0.96457000 0.03322879
0.98339000 0.02609433
1.00000000 0.01963935
</coords>
