<reference>interpolated airfoil FFA-W3-950, ref. HAW, Anstock Schuett </reference>
<coords>
1.00000000 0.00000000
1.00000000 -0.00179991
0.99692613 -0.03753342
0.99071914 -0.07315017
0.98141812 -0.10850390
0.96907896 -0.14334287
0.95377793 -0.17745735
0.93561126 -0.21066561
0.91469072 -0.24278300
0.89114874 -0.27360916
0.86513191 -0.30293579
0.83680487 -0.33057504
0.80634650 -0.35633746
0.77394690 -0.38001368
0.73981203 -0.40138707
0.70415770 -0.42025278
0.66720824 -0.43642756
0.62919901 -0.44976082
0.59036826 -0.46012879
0.55096434 -0.46743884
0.51123456 -0.47161567
0.47143242 -0.47260026
0.43181022 -0.47039260
0.39261755 -0.46501684
0.35410466 -0.45651468
0.31651601 -0.44494773
0.28008889 -0.43039972
0.24505477 -0.41297730
0.21163703 -0.39280815
0.18004660 -0.37003383
0.15048561 -0.34480247
0.12314025 -0.31728855
0.09818553 -0.28766602
0.07577933 -0.25611757
0.05606432 -0.22284762
0.03916521 -0.18808625
0.02518989 -0.15204265
0.01422683 -0.11494895
0.00634648 -0.07711566
0.00159796 -0.03821954
0.00001163 0.00079077
0.00159796 0.03860200
0.00634648 0.07778239
0.01422683 0.11575005
0.02518989 0.15296005
0.03916521 0.18914320
0.05606432 0.22405833
0.07577933 0.25745362
0.09818553 0.28909897
0.12314025 0.31878869
0.15048561 0.34632458
0.18004660 0.37153397
0.21163703 0.39424240
0.24505477 0.41430042
0.28008889 0.43158330
0.31651601 0.44599564
0.35410466 0.45745405
0.39261755 0.46589935
0.43181022 0.47128545
0.47143242 0.47359390
0.51123456 0.47282121
0.55096434 0.46898937
0.59036826 0.46214060
0.62919901 0.45233470
0.66720824 0.43965267
0.70415770 0.42418855
0.73981203 0.40605288
0.77394690 0.38537206
0.80634650 0.36228634
0.83680487 0.33694903
0.86513191 0.30952813
0.89114874 0.28020409
0.91469072 0.24916990
0.93561126 0.21662870
0.95377793 0.18279118
0.96907896 0.14787818
0.98141812 0.11211535
0.99071914 0.07571889
0.99692613 0.03891469
1.00000000 0.00194204
</coords>
