<reference>interpolated airfoil FFA-W3-253, ref. HAW, Anstock Schuett </reference>
<coords>
1.00000000 0.00000000
1.00000000 -0.00465618
0.98338000 -0.00223142
0.96457000 0.00024991
0.94364801 0.00238997
0.92071801 0.00384847
0.89588801 0.00430935
0.86927801 0.00352265
0.84101801 0.00137843
0.81124000 -0.00223335
0.78009801 -0.00752884
0.74772000 -0.01471014
0.71428000 -0.02361740
0.67993801 -0.03403063
0.64484801 -0.04562800
0.60917801 -0.05788156
0.57310801 -0.07021937
0.53680801 -0.08206143
0.50044801 -0.09291973
0.46421602 -0.10237018
0.42826602 -0.11010672
0.39278602 -0.11603336
0.35793602 -0.12011414
0.32388602 -0.12236912
0.29080602 -0.12287233
0.25884602 -0.12170383
0.22816403 -0.11898969
0.19890602 -0.11481394
0.17120602 -0.10928460
0.14521403 -0.10254575
0.12103602 -0.09476137
0.09879602 -0.08611748
0.07860602 -0.07683608
0.06055403 -0.06712511
0.04473403 -0.05720254
0.03121403 -0.04727433
0.02005602 -0.03746839
0.01132602 -0.02791470
0.00506403 -0.01859521
0.00129403 -0.00973213
0.00003403 0.00104506
0.00129403 0.01029595
0.00506403 0.02136675
0.01132602 0.03225540
0.02005602 0.04336029
0.03121403 0.05437335
0.04473403 0.06521663
0.06055403 0.07572019
0.07860602 0.08573408
0.09879602 0.09509636
0.12103602 0.10362106
0.14521403 0.11116825
0.17120602 0.11757588
0.19890602 0.12273395
0.22816403 0.12654239
0.25884602 0.12897709
0.29080602 0.12999791
0.32388602 0.12962077
0.35793602 0.12793159
0.39278602 0.12504440
0.42826602 0.12109721
0.46421602 0.11622003
0.50044801 0.11054085
0.53680801 0.10421366
0.57310801 0.09737442
0.60917801 0.09013917
0.64484801 0.08263590
0.67993801 0.07501070
0.71428000 0.06738959
0.74772000 0.05987257
0.78009801 0.05257162
0.81124000 0.04557072
0.84101801 0.03893187
0.86927801 0.03269700
0.89588801 0.02690406
0.92071801 0.02158306
0.94364801 0.01675593
0.96457000 0.01239868
0.98338000 0.00847536
1.00000000 0.00499602
</coords>
