<reference>interpolated airfoil FFA-W3-243, ref. HAW, Anstock Schuett </reference>
<coords>
1.00000000 0.00000000
1.00000000 -0.00378895
0.98338000 -0.00154874
0.96457000 0.00083297
0.94364964 0.00298119
0.92071964 0.00451482
0.89588964 0.00510635
0.86927964 0.00451401
0.84101964 0.00263601
0.81124000 -0.00064587
0.78009964 -0.00556735
0.74772000 -0.01234524
0.71428000 -0.02084420
0.67993964 -0.03084423
0.64484964 -0.04204963
0.60917964 -0.05393898
0.57310964 -0.06595014
0.53680964 -0.07750313
0.50044964 -0.08810828
0.46421929 -0.09732845
0.42826929 -0.10484613
0.39278929 -0.11057026
0.35793929 -0.11446976
0.32388929 -0.11657285
0.29080929 -0.11695847
0.25884929 -0.11571484
0.22816893 -0.11297946
0.19890929 -0.10884128
0.17120929 -0.10340993
0.14521893 -0.09684257
0.12103929 -0.08929990
0.09879929 -0.08097123
0.07860929 -0.07207689
0.06055893 -0.06281833
0.04473893 -0.05340695
0.03121893 -0.04404384
0.02005929 -0.03484218
0.01132929 -0.02593198
0.00506893 -0.01728538
0.00129893 -0.00915561
0.00003893 0.00150072
0.00129893 0.00969166
0.00506893 0.02028556
0.01132929 0.03067445
0.02005929 0.04131550
0.03121893 0.05189086
0.04473893 0.06232911
0.06055893 0.07246846
0.07860929 0.08216714
0.09879929 0.09127300
0.12103929 0.09960499
0.14521893 0.10703132
0.17120929 0.11338342
0.19890929 0.11855129
0.22816893 0.12242670
0.25884929 0.12496428
0.29080929 0.12610759
0.32388929 0.12585948
0.35793929 0.12429279
0.39278929 0.12152646
0.42826929 0.11770013
0.46421929 0.11294380
0.50044964 0.10738711
0.53680964 0.10118078
0.57310964 0.09445587
0.60917964 0.08733168
0.64484964 0.07993783
0.67993964 0.07243186
0.71428000 0.06494304
0.74772000 0.05757137
0.78009964 0.05042721
0.81124000 0.04359127
0.84101964 0.03712391
0.86927964 0.03105726
0.89588964 0.02542274
0.92071964 0.02025036
0.94364964 0.01555225
0.96457000 0.01130770
0.98338000 0.00748563
1.00000000 0.00410428
</coords>
