<reference>interpolated airfoil FFA-W3-611, ref. HAW, Anstock Schuett </reference>
<coords>
1.00000000 0.00000000
1.00000000 -0.01389870
0.98716242 -0.01938527
0.97185758 -0.02572411
0.95417571 -0.03352843
0.93419730 -0.04257421
0.91202296 -0.05292801
0.88777327 -0.06482771
0.86155872 -0.07843343
0.83352443 -0.09371820
0.80380501 -0.11051816
0.77256175 -0.12874249
0.73995993 -0.14819413
0.70615349 -0.16842042
0.67132968 -0.18880317
0.63567126 -0.20869864
0.59935616 -0.22750755
0.56258702 -0.24475516
0.52553844 -0.26004150
0.48842389 -0.27307148
0.45142049 -0.28354520
0.41473594 -0.29114808
0.37856318 -0.29588011
0.34307995 -0.29778649
0.30848584 -0.29690770
0.27496439 -0.29329938
0.24268271 -0.28705217
0.21181350 -0.27830161
0.18252722 -0.26721791
0.15496921 -0.25395594
0.12929678 -0.23860506
0.10563395 -0.22134855
0.08411606 -0.20226374
0.06485201 -0.18140153
0.04794650 -0.15889585
0.03348477 -0.13500316
0.02154737 -0.10975291
0.01219503 -0.08329635
0.00548345 -0.05634515
0.00144074 -0.02468334
0.00008980 0.00610625
0.00144074 0.02763669
0.00548345 0.06149355
0.01219503 0.08948242
0.02154737 0.11683696
0.03348477 0.14316478
0.04794650 0.16824480
0.06485201 0.19171830
0.08411606 0.21332882
0.10563395 0.23293246
0.12929678 0.25035859
0.15496921 0.26553985
0.18252722 0.27829297
0.21181350 0.28851860
0.24268271 0.29619159
0.27496439 0.30139115
0.30848584 0.30416136
0.34307995 0.30460114
0.37856318 0.30277458
0.41473594 0.29882080
0.45142049 0.29285424
0.48842389 0.28504451
0.52553844 0.27557651
0.56258702 0.26463039
0.59935616 0.25241146
0.63567126 0.23909019
0.67132968 0.22483203
0.70615349 0.20979723
0.73995993 0.19413067
0.77256175 0.17796164
0.80380501 0.16142351
0.83352443 0.14464351
0.86155872 0.12775236
0.88777327 0.11087401
0.91202296 0.09411525
0.93419730 0.07759534
0.95417571 0.06141563
0.97185758 0.04555944
0.98716242 0.03005125
1.00000000 0.01499623
</coords>
