<reference>interpolated airfoil FFA-W3-892, ref. HAW, Anstock Schuett </reference>
<coords>
1.00000000 0.00000000
1.00000000 -0.00386537
0.99525930 -0.03443523
0.98749916 -0.06505375
0.97676738 -0.09570434
0.96312408 -0.12613998
0.94664966 -0.15619812
0.92744452 -0.18576865
0.90562020 -0.21472579
0.88131131 -0.24289878
0.85466239 -0.27008690
0.82583750 -0.29611887
0.79501321 -0.32080394
0.76237344 -0.34389119
0.72812096 -0.36509547
0.69246593 -0.38413697
0.65562476 -0.40076144
0.61782724 -0.41476295
0.57930073 -0.42597056
0.54028764 -0.43425710
0.50102331 -0.43950892
0.46175339 -0.44162336
0.42272006 -0.44060042
0.38416066 -0.43646784
0.34631677 -0.42926712
0.30942246 -0.41905884
0.27370303 -0.40592791
0.23937993 -0.38998592
0.20666750 -0.37136781
0.17576548 -0.35021741
0.14686832 -0.32667281
0.12015164 -0.30091000
0.09578364 -0.27308643
0.07391385 -0.24336230
0.05467847 -0.21192999
0.03819546 -0.17902409
0.02456805 -0.14482309
0.01387996 -0.10954532
0.00619914 -0.07356979
0.00157112 -0.03590868
0.00002497 0.00169821
0.00157112 0.03673004
0.00619914 0.07500161
0.01387996 0.11126573
0.02456805 0.14679323
0.03819546 0.18129392
0.05467847 0.21453003
0.07391385 0.24623151
0.09578364 0.27616375
0.12015164 0.30413160
0.14686832 0.32994159
0.17576548 0.35343901
0.20666750 0.37444790
0.23937993 0.39282737
0.27370303 0.40846968
0.30942246 0.42130925
0.34631677 0.43128444
0.38416066 0.43836307
0.42272006 0.44251785
0.46175339 0.44375722
0.50102331 0.44209786
0.54028764 0.43758693
0.57930073 0.43029101
0.61782724 0.42029046
0.65562476 0.40768748
0.69246593 0.39258918
0.72812096 0.37511547
0.76237344 0.35539852
0.79501321 0.33357937
0.82583750 0.30980724
0.85466239 0.28424421
0.88131131 0.25706164
0.90562020 0.22844191
0.92744452 0.19857461
0.94664966 0.16765273
0.96312408 0.13587973
0.97676738 0.10346006
0.98749916 0.07057017
0.99525930 0.03740155
1.00000000 0.00417061
</coords>
