<reference>interpolated airfoil FFA-W3-336, ref. HAW, Anstock Schuett </reference>
<coords>
1.00000000 0.00000000
1.00000000 -0.01189729
0.98338595 -0.00778179
0.96457000 -0.00435953
0.94364595 -0.00224167
0.92071595 -0.00138971
0.89588595 -0.00198626
0.86928190 -0.00432729
0.84102190 -0.00860444
0.81125190 -0.01486393
0.78010190 -0.02308887
0.74773190 -0.03330811
0.71429785 -0.04531900
0.67994785 -0.05878848
0.64485785 -0.07318920
0.60919380 -0.08793139
0.57312380 -0.10242481
0.53682975 -0.11616682
0.50046975 -0.12873693
0.46423570 -0.13982275
0.42828570 -0.14915047
0.39280570 -0.15648702
0.35796166 -0.16180812
0.32391166 -0.16512946
0.29083166 -0.16648914
0.25887761 -0.16592717
0.22819356 -0.16351355
0.19893761 -0.15933802
0.17124356 -0.15352440
0.14524356 -0.14617648
0.12107356 -0.13739690
0.09883356 -0.12733782
0.07864356 -0.11611021
0.06058951 -0.10381127
0.04476951 -0.09058981
0.03124951 -0.07665800
0.02009951 -0.06207897
0.01136951 -0.04695891
0.00510546 -0.03169677
0.00133546 -0.01376801
0.00007546 0.00316001
0.00133546 0.01581288
0.00510546 0.03543549
0.01136951 0.05160805
0.02009951 0.06753498
0.03124951 0.08291462
0.04476951 0.09760721
0.06058951 0.11134920
0.07864356 0.12394463
0.09883356 0.13525492
0.12107356 0.14512363
0.14524356 0.15346595
0.17124356 0.16014595
0.19893761 0.16508338
0.22819356 0.16825989
0.25887761 0.16977334
0.29083166 0.16968157
0.32391166 0.16808839
0.35796166 0.16510215
0.39280570 0.16084855
0.42828570 0.15545164
0.46423570 0.14906522
0.50046975 0.14184500
0.53682975 0.13396098
0.57312380 0.12559100
0.60919380 0.11686483
0.64485785 0.10791436
0.67994785 0.09885340
0.71429785 0.08979195
0.74773190 0.08082405
0.78010190 0.07205186
0.81125190 0.06356347
0.84102190 0.05543484
0.86928190 0.04774406
0.89588595 0.04054923
0.92071595 0.03389820
0.94364595 0.02784312
0.96457000 0.02232019
0.98338595 0.01728131
1.00000000 0.01273814
</coords>
