<reference>interpolated airfoil FFA-W3-1000, ref. HAW, Anstock Schuett </reference>
<coords>
1.00000000 0.00000000
1.00000000 -0.00000537
0.99837432 -0.04022523
0.99351676 -0.08018458
0.98545881 -0.11962454
0.97425273 -0.15828925
0.95997118 -0.19592801
0.94270677 -0.23229683
0.92257145 -0.26715994
0.89969579 -0.30029125
0.87422814 -0.33147589
0.84633365 -0.36051160
0.81619321 -0.38721006
0.78400227 -0.41139798
0.74996959 -0.43291831
0.71431587 -0.45163128
0.67727231 -0.46741535
0.63907915 -0.48016802
0.59998406 -0.48980648
0.56024057 -0.49626813
0.52010641 -0.49951099
0.47984185 -0.49951393
0.43970802 -0.49627695
0.39996516 -0.48982107
0.36087101 -0.48018818
0.32267911 -0.46744078
0.28563711 -0.45166157
0.24998524 -0.43295290
0.21595470 -0.41143617
0.18376618 -0.38725094
0.15362841 -0.36055407
0.12573685 -0.33151873
0.10027237 -0.30033321
0.07740011 -0.26719974
0.05726838 -0.23233319
0.04000776 -0.19595973
0.02573016 -0.15831522
0.01452819 -0.11964378
0.00647449 -0.08019642
0.00162128 -0.04022727
0.00000003 0.00000236
0.00162128 0.04022842
0.00647449 0.08019841
0.01452819 0.11964617
0.02573016 0.15831796
0.04000776 0.19596289
0.05726838 0.23233680
0.07740011 0.26720372
0.10027237 0.30033749
0.12573685 0.33152321
0.15362841 0.36055861
0.18376618 0.38725542
0.21595470 0.41144045
0.24998524 0.43295685
0.28563711 0.45166510
0.32267911 0.46744391
0.36087101 0.48019099
0.39996516 0.48982370
0.43970802 0.49627961
0.47984185 0.49951689
0.52010641 0.49951459
0.56024057 0.49627276
0.59998406 0.48981248
0.63907915 0.48017571
0.67727231 0.46742498
0.71431587 0.45164303
0.74996959 0.43293223
0.78400227 0.41141397
0.81619321 0.38722781
0.84633365 0.36053063
0.87422814 0.33149556
0.89969579 0.30031094
0.92257145 0.26717900
0.94270677 0.23231463
0.95997118 0.19594393
0.97425273 0.15830279
0.98545881 0.11963532
0.99351676 0.08019225
0.99837432 0.04022935
1.00000000 0.00000580
</coords>
