<reference>interpolated airfoil FFA-W3-455, ref. HAW, Anstock Schuett </reference>
<coords>
1.00000000 0.00000000
1.00000000 -0.01762299
0.98339000 -0.01174023
0.96457000 -0.00702136
0.94365000 -0.00432668
0.92072000 -0.00345375
0.89589000 -0.00456705
0.86929000 -0.00804610
0.84103000 -0.01416924
0.81126000 -0.02297441
0.78011000 -0.03432245
0.74774000 -0.04816276
0.71431000 -0.06430557
0.67996000 -0.08223219
0.64487000 -0.10120885
0.60921000 -0.12046383
0.57314000 -0.13927603
0.53685000 -0.15707614
0.50049000 -0.17338341
0.46426000 -0.18784363
0.42831000 -0.20008990
0.39283000 -0.20973004
0.35799000 -0.21676406
0.32394000 -0.22124255
0.29086000 -0.22320347
0.25891000 -0.22269743
0.22823000 -0.21981297
0.19897000 -0.21468927
0.17128000 -0.20750345
0.14528000 -0.19840730
0.12111000 -0.18746409
0.09887000 -0.17485094
0.07868000 -0.16060580
0.06063000 -0.14472866
0.04481000 -0.12732073
0.03129000 -0.10863505
0.02014000 -0.08863365
0.01141000 -0.06743040
0.00515000 -0.04584761
0.00138000 -0.01845796
0.00012000 0.00774248
0.00138000 0.02220269
0.00515000 0.05237558
0.01141000 0.07527408
0.02014000 0.09761594
0.03129000 0.11898366
0.04481000 0.13917482
0.06063000 0.15780990
0.07868000 0.17463587
0.09887000 0.18953888
0.12111000 0.20236710
0.14528000 0.21309524
0.17128000 0.22154617
0.19897000 0.22764401
0.22823000 0.23140139
0.25891000 0.23295747
0.29086000 0.23240082
0.32394000 0.22988325
0.35799000 0.22550597
0.39283000 0.21945874
0.42831000 0.21189338
0.46426000 0.20302495
0.50049000 0.19308119
0.53685000 0.18227714
0.57314000 0.17085319
0.60921000 0.15899910
0.64487000 0.14689200
0.67996000 0.13469633
0.71431000 0.12255127
0.74774000 0.11057067
0.78011000 0.09886840
0.81126000 0.08754566
0.84103000 0.07670366
0.86929000 0.06643096
0.89589000 0.05679082
0.92072000 0.04785914
0.94365000 0.03968652
0.96457000 0.03217176
0.98339000 0.02526426
1.00000000 0.01901461
</coords>
